My FCI
converged SCF energy = -1.07568569471131
mo_coeff
[[ 0.27416506  0.18125502  0.89488867 -0.9550129 ]
 [ 0.35188235  1.10507772 -0.69968697  1.16877858]
 [ 0.27416506 -0.18125502  0.89488867  0.9550129 ]
 [ 0.35188235 -1.10507772 -0.69968697 -1.16877858]]
mo_occ
[ 2.  0.  0.  0.]
mo_energy
[-0.50591823  0.14151226  0.95034356  1.10868772]
ne = 1 no = 4 ns = 4
h matrix
[[ -1.05083766e+00  -1.11022302e-16  -1.24096745e-01   2.22044605e-16]
 [  5.55111512e-17  -6.23588251e-01   5.55111512e-17   1.86496292e-01]
 [ -1.24096745e-01   1.38777878e-16   4.93564191e-02   5.55111512e-17]
 [  6.93889390e-17   1.86496292e-01   2.08166817e-17   1.24701853e-01]]
g matrix
0.544919429822
0 1 -8.67361737988e-17 8.15320033709e-17 -1.6826817717e-16
0 2 -0.316990952573 -0.316990952573 -3.33066907388e-16
0 3 2.35922392733e-16 5.83300768797e-17 1.77592315853e-16
1 2 3.29597460436e-17 4.59701721134e-17 -1.30104260698e-17
1 3 0.368675141044 0.368675141044 1.66533453694e-16
2 3 -1.14491749414e-16 8.02309607639e-17 -1.94722710178e-16
C0
[[ 0.25  0.25  0.25  0.25]
 [ 0.25  0.25  0.25  0.25]
 [ 0.25  0.25  0.25  0.25]
 [ 0.25  0.25  0.25  0.25]]
Iter  1 ==============
E = -0.179274556799
dE = -0.179274556799
|res| = 0.690653415263
Cnew
[[ 0.42012548  0.40322663  0.25542903  0.2368504 ]
 [ 0.40322663  0.23372753  0.23582552  0.19938391]
 [ 0.25542903  0.23582552  0.03885681  0.01426598]
 [ 0.2368504   0.19938391  0.01426598 -0.09135791]]
Iter  2 ==============
E = -0.883344782156
dE = -0.704070225357
|res| = 0.243270578432
Cnew
[[ 0.55962546  0.44867317  0.20918073  0.18626543]
 [ 0.44867317  0.1722423   0.16874442  0.13014275]
 [ 0.20918073  0.16874442  0.00490979  0.00821989]
 [ 0.18626543  0.13014275  0.00821989 -0.08155402]]
Iter  3 ==============
E = -1.09367706972
dE = -0.210332287563
|res| = 0.201767892988
Cnew
[[ 0.67396866  0.4502934   0.15308743  0.13309121]
 [ 0.4502934   0.10402544  0.11353774  0.09015873]
 [ 0.15308743  0.11353774 -0.0113109   0.0142051 ]
 [ 0.13309121  0.09015873  0.0142051  -0.0674408 ]]
Iter  4 ==============
E = -1.25025776861
dE = -0.156580698888
|res| = 0.161388220841
Cnew
[[ 0.76046517  0.42246652  0.10514896  0.08934127]
 [ 0.42246652  0.04120611  0.07424494  0.06969612]
 [ 0.10514896  0.07424494 -0.0200778   0.01774155]
 [ 0.08934127  0.06969612  0.01774155 -0.05648155]]
Iter  5 ==============
E = -1.35666005371
dE = -0.106402285101
|res| = 0.128690467315
Cnew
[[ 0.82412349  0.37967838  0.07064492  0.05810774]
 [ 0.37967838 -0.01087513  0.04838288  0.06027024]
 [ 0.07064492  0.04838288 -0.02495598  0.01874028]
 [ 0.05810774  0.06027024  0.01874028 -0.0488306 ]]
Iter  6 ==============
E = -1.42778046167
dE = -0.0711204079624
|res| = 0.104701020151
Cnew
[[ 0.87057474  0.33183636  0.04806549  0.03743092]
 [ 0.33183636 -0.05163798  0.0319523   0.05653647]
 [ 0.04806549  0.0319523  -0.02773215  0.01807158]
 [ 0.03743092  0.05653647  0.01807158 -0.04384965]]
Iter  7 ==============
E = -1.47663956699
dE = -0.0488591053209
|res| = 0.086894075113
Cnew
[[ 0.9041649   0.28460961  0.03413512  0.02426061]
 [ 0.28460961 -0.08247672  0.02160979  0.0555491 ]
 [ 0.03413512  0.02160979 -0.02933145  0.01649736]
 [ 0.02426061  0.0555491   0.01649736 -0.04074996]]
Iter  8 ==============
E = -1.51111157676
dE = -0.0344720097672
|res| = 0.0728241464905
Cnew
[[ 0.92814024  0.24092557  0.02588996  0.01600848]
 [ 0.24092557 -0.10529517  0.01505254  0.05577891]
 [ 0.02588996  0.01505254 -0.03025245  0.01454265]
 [ 0.01600848  0.05577891  0.01454265 -0.0388757 ]]
Iter  9 ==============
E = -1.53566767429
dE = -0.0245560975361
|res| = 0.0611095422626
Cnew
[[ 0.94500672  0.20207532  0.02117015  0.01084327]
 [ 0.20207532 -0.12192117  0.01081683  0.05646273]
 [ 0.02117015  0.01081683 -0.03077644  0.01252758]
 [ 0.01084327  0.05646273  0.01252758 -0.03776227]]
Iter  10 ==============
E = -1.55309678989
dE = -0.017429115594
|res| = 0.0511287918494
Cnew
[[ 0.95671442  0.16839677  0.01855075  0.007574  ]
 [ 0.16839677 -0.13390594  0.0080062   0.05723899]
 [ 0.01855075  0.0080062  -0.03106767  0.01062663]
 [ 0.007574    0.05723899  0.01062663 -0.03710708]]
Iter  11 ==============
E = -1.56535247149
dE = -0.0122556816064
|res| = 0.0426024767106
Cnew
[[ 0.96475162  0.13969975  0.01714462  0.00546065]
 [ 0.13969975 -0.14248266  0.00608067  0.05795196]
 [ 0.01714462  0.00608067 -0.03122363  0.00892097]
 [ 0.00546065  0.05795196  0.00892097 -0.03672262]]
Iter  12 ==============
E = -1.57388361857
dE = -0.00853114707136
|res| = 0.0353617518371
Cnew
[[ 0.97022177  0.1155322   0.01642056  0.00405495]
 [ 0.1155322  -0.14859187  0.00471649  0.05854789]
 [ 0.01642056  0.00471649 -0.03130233  0.0074367 ]
 [ 0.00405495  0.05854789  0.0074367  -0.03649632]]
Iter  13 ==============
E = -1.57977050637
dE = -0.0058868878034
|res| = 0.029260946591
Cnew
[[ 0.9739208   0.09534112  0.01606966  0.00308861]
 [ 0.09534112 -0.15293126  0.00371855  0.05902055]
 [ 0.01606966  0.00371855 -0.03133799  0.00617001]
 [ 0.00308861  0.05902055  0.00617001 -0.03636198]]
Iter  14 ==============
E = -1.58380528219
dE = -0.00403477582506
|res| = 0.0241568816215
Cnew
[[ 0.97641019  0.07856371  0.01591658  0.00240135]
 [ 0.07856371 -0.1560089   0.00296763  0.05938338]
 [ 0.01591658  0.00296763 -0.03135055  0.00510267]
 [ 0.00240135  0.05938338  0.00510267 -0.0362811 ]]
Iter  15 ==============
E = -1.58655696287
dE = -0.00275168067188
|res| = 0.0199103832291
Cnew
[[ 0.97807956  0.06467424  0.01586407  0.00189671]
 [ 0.06467424 -0.15819026  0.0023893   0.05965591]
 [ 0.01586407  0.0023893  -0.03135141  0.00421082]
 [ 0.00189671  0.05965591  0.00421082 -0.03623149]]
Iter  16 ==============
E = -1.58842702885
dE = -0.00187006598284
|res| = 0.0163917362193
Cnew
[[ 0.97919599  0.05320436  0.0158595   0.00151575]
 [ 0.05320436 -0.15973621  0.00193573  0.05985753]
 [ 0.0158595   0.00193573 -0.03134689  0.00346975]
 [ 0.00151575  0.05985753  0.00346975 -0.03620036]]
Iter  17 ==============
E = -1.58969488694
dE = -0.00126785809334
|res| = 0.0134845487367
Cnew
[[ 0.97994101  0.04374863  0.01587526  0.00122155]
 [ 0.04374863 -0.16083212  0.00157512  0.06000508]
 [ 0.01587526  0.00157512 -0.03134043  0.00285627]
 [ 0.00122155  0.06000508  0.00285627 -0.03618031]]
Iter  18 ==============
E = -1.59055306729
dE = -0.000858180345346
|res| = 0.0110872974326
Cnew
[[ 0.98043728  0.03596228  0.01589747  0.00099034]
 [ 0.03596228 -0.16160934  0.00128557  0.0601122 ]
 [ 0.01589747  0.00128557 -0.03133375  0.00234968]
 [ 0.00099034  0.0601122   0.00234968 -0.03616706]]
Iter  19 ==============
E = -1.59113331935
dE = -0.000580252060107
|res| = 0.00911316514232
Cnew
[[  9.80767334e-01   2.95555579e-02   1.59196458e-02   8.06241868e-04]
 [  2.95555579e-02  -1.62160853e-01   1.05141950e-03   6.01895201e-02]
 [  1.59196458e-02   1.05141950e-03  -3.13276593e-02   1.93206422e-03]
 [  8.06241868e-04   6.01895201e-02   1.93206422e-03  -3.61580687e-02]]
Iter  20 ==============
E = -1.59152537344
dE = -0.000392054096959
|res| = 0.00748890779186
Cnew
[[  9.80986502e-01   2.42867677e-02   1.59391056e-02   6.58250733e-04]
 [  2.42867677e-02  -1.62552428e-01   8.61139937e-04   6.02450824e-02]
 [  1.59391056e-02   8.61139937e-04  -3.13224658e-02   1.58818679e-03]
 [  6.58250733e-04   6.02450824e-02   1.58818679e-03  -3.61518266e-02]]
Iter  21 ==============
E = -1.59179014705
dE = -0.000264773601329
|res| = 0.00615329275415
Cnew
[[  9.81131821e-01   1.99553266e-02   1.59550837e-02   5.38484120e-04]
 [  1.99553266e-02  -1.62830612e-01   7.05977862e-04   6.02848783e-02]
 [  1.59550837e-02   7.05977862e-04  -3.13182102e-02   1.30524422e-03]
 [  5.38484120e-04   6.02848783e-02   1.30524422e-03  -3.61474077e-02]]
Iter  22 ==============
E = -1.59196890881
dE = -0.000178761764117
|res| = 0.00505543962333
Cnew
[[  9.81228023e-01   1.63953232e-02   1.59676880e-02   4.41101822e-04]
 [  1.63953232e-02  -1.63028353e-01   5.79153547e-04   6.03133113e-02]
 [  1.59676880e-02   5.79153547e-04  -3.13148161e-02   1.07255925e-03]
 [  4.41101822e-04   6.03133113e-02   1.07255925e-03  -3.61442306e-02]]
Iter  23 ==============
E = -1.59208957708
dE = -0.000120668275382
|res| = 0.0041532403293
Cnew
[[  9.81291606e-01   1.34698340e-02   1.59773736e-02   3.61661902e-04]
 [  1.34698340e-02  -1.63168988e-01   4.75324287e-04   6.03335885e-02]
 [  1.59773736e-02   4.75324287e-04  -3.13121605e-02   8.81271639e-04]
 [  3.61661902e-04   6.03335885e-02   8.81271639e-04  -3.61419195e-02]]
Iter  24 ==============
E = -1.59217102142
dE = -8.14443322887e-05
|res| = 0.00341193924528
Cnew
[[  9.81333553e-01   1.10660279e-02   1.59846826e-02   2.96713358e-04]
 [  1.10660279e-02  -1.63269060e-01   3.90227254e-04   6.03480299e-02]
 [  1.59846826e-02   3.90227254e-04  -3.13101120e-02   7.24053384e-04]
 [  2.96713358e-04   6.03480299e-02   7.24053384e-04  -3.61402245e-02]]
Iter  25 ==============
E = -1.59222598787
dE = -5.49664552434e-05
|res| = 0.00280289926151
Cnew
[[  9.81361173e-01   9.09102125e-03   1.59901269e-02   2.43531383e-04]
 [  9.09102125e-03  -1.63340301e-01   3.20430734e-04   6.03583049e-02]
 [  1.59901269e-02   3.20430734e-04  -3.13085490e-02   5.94857112e-04]
 [  2.43531383e-04   6.03583049e-02   5.94857112e-04  -3.61389745e-02]]
Iter  26 ==============
E = -1.59226308295
dE = -3.70950796145e-05
|res| = 0.00230255130123
Cnew
[[  9.81379320e-01   7.46840363e-03   1.59941435e-02   1.99938840e-04]
 [  7.46840363e-03  -1.63391040e-01   2.63154616e-04   6.03656107e-02]
 [  1.59941435e-02   2.63154616e-04  -3.13073665e-02   4.88699706e-04]
 [  1.99938840e-04   6.03656107e-02   4.88699706e-04  -3.61380497e-02]]
Iter  27 ==============
E = -1.59228811662
dE = -2.50336693939e-05
|res| = 0.00189151150617
Cnew
[[  9.81391213e-01   6.13534475e-03   1.59970857e-02   1.64181294e-04]
 [  6.13534475e-03  -1.63427191e-01   2.16136751e-04   6.03708028e-02]
 [  1.59970857e-02   2.16136751e-04  -3.13064780e-02   4.01479107e-04]
 [  1.64181294e-04   6.03708028e-02   4.01479107e-04  -3.61373643e-02]]
Iter  28 ==============
E = -1.59230501042
dE = -1.68937951188e-05
|res| = 0.00155384543295
Cnew
[[  9.81398987e-01   5.04019707e-03   1.59992290e-02   1.34836430e-04]
 [  5.04019707e-03  -1.63452958e-01   1.77530863e-04   6.03744919e-02]
 [  1.59992290e-02   1.77530863e-04  -3.13058142e-02   3.29820802e-04]
 [  1.34836430e-04   6.03744919e-02   3.29820802e-04  -3.61368561e-02]]
Iter  29 ==============
E = -1.59231641101
dE = -1.14005912333e-05
|res| = 0.0012764580266
Cnew
[[  9.81404052e-01   4.14051420e-03   1.60007839e-02   1.10746357e-04]
 [  4.14051420e-03  -1.63471329e-01   1.45826953e-04   6.03771126e-02]
 [  1.60007839e-02   1.45826953e-04  -3.13053205e-02   2.70950050e-04]
 [  1.10746357e-04   6.03771126e-02   2.70950050e-04  -3.61364794e-02]]
Iter  30 ==============
E = -1.59232410456
dE = -7.69354811925e-06
|res| = 0.00104858959586
Cnew
[[  9.81407341e-01   3.40141667e-03   1.60019083e-02   9.09657274e-05]
 [  3.40141667e-03  -1.63484432e-01   1.19788296e-04   6.03789744e-02]
 [  1.60019083e-02   1.19788296e-04  -3.13049548e-02   2.22585971e-04]
 [  9.09657274e-05   6.03789744e-02   2.22585971e-04  -3.61362005e-02]]
Iter  31 ==============
E = -1.59232929645
dE = -5.19189698522e-06
|res| = 0.000861400283232
Cnew
[[  9.81409468e-01   2.79424563e-03   1.60027193e-02   7.47212000e-05]
 [  2.79424563e-03  -1.63493780e-01   9.84010048e-05   6.03802971e-02]
 [  1.60027193e-02   9.84010048e-05  -3.13046848e-02   1.82854040e-04]
 [  7.47212000e-05   6.03802971e-02   1.82854040e-04  -3.61359942e-02]]
Iter  32 ==============
E = -1.59233280015
dE = -3.50369287139e-06
|res| = 0.000707627971669
Cnew
[[  9.81410836e-01   2.29545497e-03   1.60033032e-02   6.13792886e-05]
 [  2.29545497e-03  -1.63500450e-01   8.08333302e-05   6.03812369e-02]
 [  1.60033032e-02   8.08333302e-05  -3.13044861e-02   1.50213902e-04]
 [  6.13792886e-05   6.03812369e-02   1.50213902e-04  -3.61358418e-02]]
Iter  33 ==============
E = -1.59233516458
dE = -2.36443164359e-06
|res| = 0.000581306898869
Cnew
[[  9.81411713e-01   1.88570001e-03   1.60037228e-02   5.04205948e-05]
 [  1.88570001e-03  -1.63505212e-01   6.64026374e-05   6.03819049e-02]
 [  1.60037228e-02   6.64026374e-05  -3.13043401e-02   1.23399921e-04]
 [  5.04205948e-05   6.03819049e-02   1.23399921e-04  -3.61357295e-02]]
Iter  34 ==============
E = -1.59233676019
dE = -1.59561573865e-06
|res| = 0.000477536334315
Cnew
[[  9.81412270e-01   1.54908832e-03   1.60040241e-02   4.14189952e-05]
 [  1.54908832e-03  -1.63508611e-01   5.45485032e-05   6.03823796e-02]
 [  1.60040241e-02   5.45485032e-05  -3.13042331e-02   1.01372249e-04]
 [  4.14189952e-05   6.03823796e-02   1.01372249e-04  -3.61356467e-02]]
Iter  35 ==============
E = -1.59233783698
dE = -1.07678905548e-06
|res| = 0.000392290476905
Cnew
[[  9.81412622e-01   1.27256386e-03   1.60042402e-02   3.40247436e-05]
 [  1.27256386e-03  -1.63511039e-01   4.48107427e-05   6.03827172e-02]
 [  1.60042402e-02   4.48107427e-05  -3.13041549e-02   8.32765866e-05]
 [  3.40247436e-05   6.03827172e-02   8.32765866e-05  -3.61355859e-02]]
Iter  36 ==============
E = -1.59233856365
dE = -7.26664002526e-07
|res| = 0.000322262259842
Cnew
[[  9.81412842e-01   1.04540092e-03   1.60043951e-02   2.79506989e-05]
 [  1.04540092e-03  -1.63512773e-01   3.68114275e-05   6.03829573e-02]
 [  1.60043951e-02   3.68114275e-05  -3.13040978e-02   6.84110878e-05]
 [  2.79506989e-05   6.03829573e-02   6.84110878e-05  -3.61355413e-02]]
Iter  37 ==============
E = -1.59233905403
dE = -4.90385089202e-07
|res| = 0.000264735030224
Cnew
[[  9.81412977e-01   8.58788256e-04   1.60045061e-02   2.29610730e-05]
 [  8.58788256e-04  -1.63514012e-01   3.02401540e-05   6.03831281e-02]
 [  1.60045061e-02   3.02401540e-05  -3.13040561e-02   5.61991708e-05]
 [  2.29610730e-05   6.03831281e-02   5.61991708e-05  -3.61355086e-02]]
Iter  38 ==============
E = -1.59233938497
dE = -3.30933984216e-07
|res| = 0.000217477135725
Cnew
[[  9.81413060e-01   7.05487400e-04   1.60045856e-02   1.88622213e-05]
 [  7.05487400e-04  -1.63514897e-01   2.48419620e-05   6.03832496e-02]
 [  1.60045856e-02   2.48419620e-05  -3.13040258e-02   4.61671647e-05]
 [  1.88622213e-05   6.03832496e-02   4.61671647e-05  -3.61354847e-02]]
Iter  39 ==============
E = -1.59233960829
dE = -2.23329397642e-07
|res| = 0.00017865533196
Cnew
[[  9.81413109e-01   5.79551977e-04   1.60046425e-02   1.54950959e-05]
 [  5.79551977e-04  -1.63515529e-01   2.04074229e-05   6.03833361e-02]
 [  1.60046425e-02   2.04074229e-05  -3.13040038e-02   3.79259460e-05]
 [  1.54950959e-05   6.03833361e-02   3.79259460e-05  -3.61354672e-02]]
Iter  40 ==============
E = -1.59233975901
dE = -1.50713012292e-07
|res| = 0.00014676365125
Cnew
[[  9.81413138e-01   4.76097058e-04   1.60046832e-02   1.27290569e-05]
 [  4.76097058e-04  -1.63515981e-01   1.67645032e-05   6.03833977e-02]
 [  1.60046832e-02   1.67645032e-05  -3.13039878e-02   3.11558489e-05]
 [  1.27290569e-05   6.03833977e-02   3.11558489e-05  -3.61354545e-02]]
Iter  41 ==============
E = -1.59233986072
dE = -1.01708179878e-07
|res| = 0.000120564972276
Cnew
[[  9.81413154e-01   3.91109701e-04   1.60047123e-02   1.04567937e-05]
 [  3.91109701e-04  -1.63516304e-01   1.37718850e-05   6.03834416e-02]
 [  1.60047123e-02   1.37718850e-05  -3.13039762e-02   2.55942684e-05]
 [  1.04567937e-05   6.03834416e-02   2.55942684e-05  -3.61354452e-02]]
Iter  42 ==============
E = -1.59233992935
dE = -6.86374643788e-08
|res| = 9.90430226475e-05
Cnew
[[  9.81413163e-01   3.21293299e-04   1.60047332e-02   8.59015687e-06]
 [  3.21293299e-04  -1.63516535e-01   1.13134796e-05   6.03834728e-02]
 [  1.60047332e-02   1.13134796e-05  -3.13039677e-02   2.10254756e-05]
 [  8.59015687e-06   6.03834728e-02   2.10254756e-05  -3.61354384e-02]]
Iter  43 ==============
E = -1.59233997567
dE = -4.6319807101e-08
|res| = 8.13629513468e-05
Cnew
[[  9.81413167e-01   2.63939713e-04   1.60047481e-02   7.05673505e-06]
 [  2.63939713e-04  -1.63516700e-01   9.29392348e-06   6.03834951e-02]
 [  1.60047481e-02   9.29392348e-06  -3.13039616e-02   1.72722501e-05]
 [  7.05673505e-06   6.03834951e-02   1.72722501e-05  -3.61354335e-02]]
Iter  44 ==============
E = -1.59234000693
dE = -3.12588079865e-08
|res| = 6.68389406795e-05
Cnew
[[  9.81413168e-01   2.16824228e-04   1.60047588e-02   5.79704457e-06]
 [  2.16824228e-04  -1.63516818e-01   7.63487689e-06   6.03835110e-02]
 [  1.60047588e-02   7.63487689e-06  -3.13039572e-02   1.41890069e-05]
 [  5.79704457e-06   6.03835110e-02   1.41890069e-05  -3.61354299e-02]]
Iter  45 ==============
E = -1.59234002803
dE = -2.10949313573e-08
|res| = 5.49076007056e-05
Cnew
[[  9.81413169e-01   1.78119256e-04   1.60047664e-02   4.76222095e-06]
 [  1.78119256e-04  -1.63516903e-01   6.27198514e-06   6.03835223e-02]
 [  1.60047664e-02   6.27198514e-06  -3.13039540e-02   1.16561485e-05]
 [  4.76222095e-06   6.03835223e-02   1.16561485e-05  -3.61354273e-02]]
Iter  46 ==============
E = -1.59234004226
dE = -1.42358691502e-08
|res| = 4.51061136241e-05
Cnew
[[  9.81413168e-01   1.46323451e-04   1.60047719e-02   3.91212293e-06]
 [  1.46323451e-04  -1.63516963e-01   5.15238167e-06   6.03835304e-02]
 [  1.60047719e-02   5.15238167e-06  -3.13039517e-02   9.57542678e-06]
 [  3.91212293e-06   6.03835304e-02   9.57542678e-06  -3.61354255e-02]]
Iter  47 ==============
E = -1.59234005187
dE = -9.60704671371e-09
|res| = 3.70542799942e-05
Cnew
[[  9.81413167e-01   1.20203467e-04   1.60047758e-02   3.21377508e-06]
 [  1.20203467e-04  -1.63517007e-01   4.23263725e-06   6.03835361e-02]
 [  1.60047758e-02   4.23263725e-06  -3.13039500e-02   7.86613153e-06]
 [  3.21377508e-06   6.03835361e-02   7.86613153e-06  -3.61354241e-02]]
Iter  48 ==============
E = -1.59234005835
dE = -6.48329634423e-09
|res| = 3.04397701386e-05
Cnew
[[  9.81413166e-01   9.87461234e-05   1.60047786e-02   2.64008852e-06]
 [  9.87461234e-05  -1.63517038e-01   3.47707520e-06   6.03835402e-02]
 [  1.60047786e-02   3.47707520e-06  -3.13039488e-02   6.46196001e-06]
 [  2.64008852e-06   6.03835402e-02   6.46196001e-06  -3.61354231e-02]]
Iter  49 ==============
E = -1.59234006273
dE = -4.37523928198e-09
|res| = 2.50060084794e-05
Cnew
[[  9.81413166e-01   8.11190982e-05   1.60047806e-02   2.16881003e-06]
 [  8.11190982e-05  -1.63517060e-01   2.85638751e-06   6.03835432e-02]
 [  1.60047806e-02   2.85638751e-06  -3.13039480e-02   5.30844506e-06]
 [  2.16881003e-06   6.03835432e-02   5.30844506e-06  -3.61354224e-02]]
Iter  50 ==============
E = -1.59234006568
dE = -2.95262170269e-09
|res| = 2.05422207428e-05
Cnew
[[  9.81413165e-01   6.66386472e-05   1.60047820e-02   1.78165885e-06]
 [  6.66386472e-05  -1.63517075e-01   2.34649791e-06   6.03835452e-02]
 [  1.60047820e-02   2.34649791e-06  -3.13039473e-02   4.36084235e-06]
 [  1.78165885e-06   6.03835452e-02   4.36084235e-06  -3.61354219e-02]]
Iter  51 ==============
E = -1.59234006767
dE = -1.992570553e-09
|res| = 1.68752578987e-05
Cnew
[[  9.81413164e-01   5.47430803e-05   1.60047831e-02   1.46361749e-06]
 [  5.47430803e-05  -1.63517087e-01   1.92762798e-06   6.03835467e-02]
 [  1.60047831e-02   1.92762798e-06  -3.13039469e-02   3.58239480e-06]
 [  1.46361749e-06   6.03835467e-02   3.58239480e-06  -3.61354215e-02]]
Iter  52 ==============
E = -1.59234006902
dE = -1.3446845859e-09
|res| = 1.38628796472e-05
Cnew
[[  9.81413164e-01   4.49709734e-05   1.60047838e-02   1.20234925e-06]
 [  4.49709734e-05  -1.63517095e-01   1.58352992e-06   6.03835478e-02]
 [  1.60047838e-02   1.58352992e-06  -3.13039466e-02   2.94290677e-06]
 [  1.20234925e-06   6.03835478e-02   2.94290677e-06  -3.61354212e-02]]
Iter  53 ==============
E = -1.59234006993
dE = -9.07456776389e-10
|res| = 1.13882368906e-05
Cnew
[[  9.81413163e-01   3.69432710e-05   1.60047843e-02   9.87719639e-07]
 [  3.69432710e-05  -1.63517101e-01   1.30085631e-06   6.03835486e-02]
 [  1.60047843e-02   1.30085631e-06  -3.13039463e-02   2.41757281e-06]
 [  9.87719639e-07   6.03835486e-02   2.41757281e-06  -3.61354210e-02]]
Iter  54 ==============
E = -1.59234007054
dE = -6.12394357447e-10
|res| = 9.35533915268e-06
Cnew
[[  9.81413163e-01   3.03485820e-05   1.60047847e-02   8.11403248e-07]
 [  3.03485820e-05  -1.63517105e-01   1.06864236e-06   6.03835491e-02]
 [  1.60047847e-02   1.06864236e-06  -3.13039462e-02   1.98601544e-06]
 [  8.11403248e-07   6.03835491e-02   1.98601544e-06  -3.61354209e-02]]
Iter  55 ==============
E = -1.59234007095
dE = -4.13275191846e-10
|res| = 7.68533111411e-06
Cnew
[[  9.81413163e-01   2.49311012e-05   1.60047850e-02   6.66560841e-07]
 [  2.49311012e-05  -1.63517108e-01   8.77880576e-07   6.03835495e-02]
 [  1.60047850e-02   8.77880576e-07  -3.13039460e-02   1.63149474e-06]
 [  6.66560841e-07   6.03835495e-02   1.63149474e-06  -3.61354208e-02]]
Iter  56 ==============
E = -1.59234007123
dE = -2.78896239436e-10
|res| = 6.31343382687e-06
Cnew
[[  9.81413163e-01   2.04806869e-05   1.60047852e-02   5.47574042e-07]
 [  2.04806869e-05  -1.63517110e-01   7.21171402e-07   6.03835498e-02]
 [  1.60047852e-02   7.21171402e-07  -3.13039459e-02   1.34025901e-06]
 [  5.47574042e-07   6.03835498e-02   1.34025901e-06  -3.61354207e-02]]
Iter  57 ==============
E = -1.59234007142
dE = -1.88214110963e-10
|res| = 5.18643195291e-06
Cnew
[[  9.81413162e-01   1.68247096e-05   1.60047853e-02   4.49827402e-07]
 [  1.68247096e-05  -1.63517111e-01   5.92436153e-07   6.03835500e-02]
 [  1.60047853e-02   5.92436153e-07  -3.13039459e-02   1.10101134e-06]
 [  4.49827402e-07   6.03835500e-02   1.10101134e-06  -3.61354207e-02]]
Iter  58 ==============
E = -1.59234007155
dE = -1.27015731266e-10
|res| = 4.26060955556e-06
Cnew
[[  9.81413162e-01   1.38213554e-05   1.60047854e-02   3.69529372e-07]
 [  1.38213554e-05  -1.63517113e-01   4.86681245e-07   6.03835501e-02]
 [  1.60047854e-02   4.86681245e-07  -3.13039458e-02   9.04471424e-07]
 [  3.69529372e-07   6.03835501e-02   9.04471424e-07  -3.61354206e-02]]
Iter  59 ==============
E = -1.59234007163
dE = -8.57163229284e-11
|res| = 3.5000543718e-06
Cnew
[[  9.81413162e-01   1.13541255e-05   1.60047855e-02   3.03565226e-07]
 [  1.13541255e-05  -1.63517113e-01   3.99804490e-07   6.03835502e-02]
 [  1.60047855e-02   3.99804490e-07  -3.13039458e-02   7.43015559e-07]
 [  3.03565226e-07   6.03835502e-02   7.43015559e-07  -3.61354206e-02]]
Iter  60 ==============
E = -1.59234007169
dE = -5.78450620736e-11
|res| = 2.87526478768e-06
Cnew
[[  9.81413162e-01   9.32731725e-06   1.60047855e-02   2.49376243e-07]
 [  9.32731725e-06  -1.63517114e-01   3.28435978e-07   6.03835503e-02]
 [  1.60047855e-02   3.28435978e-07  -3.13039458e-02   6.10380942e-07]
 [  2.49376243e-07   6.03835503e-02   6.10380942e-07  -3.61354206e-02]]
Iter  61 ==============
E = -1.59234007173
dE = -3.90369958581e-11
|res| = 2.36200548142e-06
Cnew
[[  9.81413162e-01   7.66231155e-06   1.60047856e-02   2.04860456e-07]
 [  7.66231155e-06  -1.63517114e-01   2.69807353e-07   6.03835503e-02]
 [  1.60047856e-02   2.69807353e-07  -3.13039458e-02   5.01422737e-07]
 [  2.04860456e-07   6.03835503e-02   5.01422737e-07  -3.61354206e-02]]
Iter  62 ==============
E = -1.59234007175
dE = -2.63440380621e-11
|res| = 1.9403673444e-06
Cnew
[[  9.81413162e-01   6.29452356e-06   1.60047856e-02   1.68291117e-07]
 [  6.29452356e-06  -1.63517115e-01   2.21644439e-07   6.03835504e-02]
 [  1.60047856e-02   2.21644439e-07  -3.13039458e-02   4.11914500e-07]
 [  1.68291117e-07   6.03835504e-02   4.11914500e-07  -3.61354206e-02]]
Iter  63 ==============
E = -1.59234007177
dE = -1.77775572041e-11
|res| = 1.59399521468e-06
Cnew
[[  9.81413162e-01   5.17089740e-06   1.60047856e-02   1.38249717e-07]
 [  5.17089740e-06  -1.63517115e-01   1.82079016e-07   6.03835504e-02]
 [  1.60047856e-02   1.82079016e-07  -3.13039457e-02   3.38384248e-07]
 [  1.38249717e-07   6.03835504e-02   3.38384248e-07  -3.61354206e-02]]
Iter  64 ==============
E = -1.59234007178
dE = -1.19975140933e-11
|res| = 1.30945346685e-06
Cnew
[[  9.81413162e-01   4.24784810e-06   1.60047856e-02   1.13570963e-07]
 [  4.24784810e-06  -1.63517115e-01   1.49576358e-07   6.03835504e-02]
 [  1.60047856e-02   1.49576358e-07  -3.13039457e-02   2.77979773e-07]
 [  1.13570963e-07   6.03835504e-02   2.77979773e-07  -3.61354206e-02]]
Iter  65 ==============
E = -1.59234007179
dE = -8.09641242938e-12
|res| = 1.07570484962e-06
Cnew
[[  9.81413162e-01   3.48957098e-06   1.60047856e-02   9.32975768e-08]
 [  3.48957098e-06  -1.63517115e-01   1.22875702e-07   6.03835504e-02]
 [  1.60047856e-02   1.22875702e-07  -3.13039457e-02   2.28358012e-07]
 [  9.32975768e-08   6.03835504e-02   2.28358012e-07  -3.61354205e-02]]
Iter  66 ==============
E = -1.5923400718
dE = -5.46473977181e-12
|res| = 8.83682355439e-07
Cnew
[[  9.81413162e-01   2.86665278e-06   1.60047856e-02   7.66431634e-08]
 [  2.86665278e-06  -1.63517115e-01   1.00941341e-07   6.03835505e-02]
 [  1.60047856e-02   1.00941341e-07  -3.13039457e-02   1.87594158e-07]
 [  7.66431634e-08   6.03835505e-02   1.87594158e-07  -3.61354205e-02]]
Iter  67 ==============
E = -1.5923400718
dE = -3.68660657557e-12
|res| = 7.25937515127e-07
Cnew
[[  9.81413162e-01   2.35493081e-06   1.60047856e-02   6.29617048e-08]
 [  2.35493081e-06  -1.63517115e-01   8.29224502e-08   6.03835505e-02]
 [  1.60047856e-02   8.29224502e-08  -3.13039457e-02   1.54107001e-07]
 [  6.29617048e-08   6.03835505e-02   1.54107001e-07  -3.61354205e-02]]
Iter  68 ==============
E = -1.5923400718
dE = -2.4888979766e-12
|res| = 5.96351474873e-07
Cnew
[[  9.81413162e-01   1.93455557e-06   1.60047856e-02   5.17225033e-08]
 [  1.93455557e-06  -1.63517115e-01   6.81200854e-08   6.03835505e-02]
 [  1.60047856e-02   6.81200854e-08  -3.13039457e-02   1.26597586e-07]
 [  5.17225033e-08   6.03835505e-02   1.26597586e-07  -3.61354205e-02]]
Iter  69 ==============
E = -1.59234007181
dE = -1.67932334705e-12
|res| = 4.89897648532e-07
Cnew
[[  9.81413162e-01   1.58922089e-06   1.60047856e-02   4.24895952e-08]
 [  1.58922089e-06  -1.63517115e-01   5.59600690e-08   6.03835505e-02]
 [  1.60047856e-02   5.59600690e-08  -3.13039457e-02   1.03998837e-07]
 [  4.24895952e-08   6.03835505e-02   1.03998837e-07  -3.61354205e-02]]
Iter  70 ==============
E = -1.59234007181
dE = -1.13220544051e-12
|res| = 4.0244673851e-07
Cnew
[[  9.81413162e-01   1.30553140e-06   1.60047856e-02   3.49048400e-08]
 [  1.30553140e-06  -1.63517115e-01   4.59707193e-08   6.03835505e-02]
 [  1.60047856e-02   4.59707193e-08  -3.13039457e-02   8.54341573e-08]
 [  3.49048400e-08   6.03835505e-02   8.54341573e-08  -3.61354205e-02]]
Iter  71 ==============
E = -1.59234007181
dE = -7.66053886991e-13
|res| = 3.30606562081e-07
Cnew
[[  9.81413162e-01   1.07248291e-06   1.60047856e-02   2.86740282e-08]
 [  1.07248291e-06  -1.63517115e-01   3.77645537e-08   6.03835505e-02]
 [  1.60047856e-02   3.77645537e-08  -3.13039457e-02   7.01834313e-08]
 [  2.86740282e-08   6.03835505e-02   7.01834313e-08  -3.61354205e-02]]
Iter  72 ==============
E = -1.59234007181
dE = -5.14921438821e-13
|res| = 2.71590470093e-07
Cnew
[[  9.81413162e-01   8.81035561e-07   1.60047856e-02   2.35554695e-08]
 [  8.81035561e-07  -1.63517115e-01   3.10232586e-08   6.03835505e-02]
 [  1.60047856e-02   3.10232586e-08  -3.13039457e-02   5.76550901e-08]
 [  2.35554695e-08   6.03835505e-02   5.76550901e-08  -3.61354205e-02]]
Iter  73 ==============
E = -1.59234007181
dE = -3.49054118942e-13
|res| = 2.23109254048e-07
Cnew
[[  9.81413162e-01   7.23763197e-07   1.60047856e-02   1.93506173e-08]
 [  7.23763197e-07  -1.63517115e-01   2.54853423e-08   6.03835505e-02]
 [  1.60047856e-02   2.54853423e-08  -3.13039457e-02   4.73631646e-08]
 [  1.93506173e-08   6.03835505e-02   4.73631646e-08  -3.61354205e-02]]
Iter  74 ==============
E = -1.59234007181
dE = -2.34923192011e-13
|res| = 1.83282348704e-07
Cnew
[[  9.81413162e-01   5.94565291e-07   1.60047856e-02   1.58963670e-08]
 [  5.94565291e-07  -1.63517115e-01   2.09359913e-08   6.03835505e-02]
 [  1.60047856e-02   2.09359913e-08  -3.13039457e-02   3.89084356e-08]
 [  1.58963670e-08   6.03835505e-02   3.89084356e-08  -3.61354205e-02]]
Iter  75 ==============
E = -1.59234007181
dE = -1.58539847916e-13
|res| = 1.50564885758e-07
Cnew
[[  9.81413162e-01   4.88430314e-07   1.60047856e-02   1.30587298e-08]
 [  4.88430314e-07  -1.63517115e-01   1.71987382e-08   6.03835505e-02]
 [  1.60047856e-02   1.71987382e-08  -3.13039457e-02   3.19629479e-08]
 [  1.30587298e-08   6.03835505e-02   3.19629479e-08  -3.61354205e-02]]
Iter  76 ==============
E = -1.59234007181
dE = -1.07025499574e-13
|res| = 1.23687769086e-07
Cnew
[[  9.81413162e-01   4.01241336e-07   1.60047856e-02   1.07276352e-08]
 [  4.01241336e-07  -1.63517115e-01   1.41286167e-08   6.03835505e-02]
 [  1.60047856e-02   1.41286167e-08  -3.13039457e-02   2.62572890e-08]
 [  1.07276352e-08   6.03835505e-02   2.62572890e-08  -3.61354205e-02]]
Iter  77 ==============
E = -1.59234007181
dE = -7.26085858105e-14
|res| = 1.01608447047e-07
Cnew
[[  9.81413162e-01   3.29616334e-07   1.60047856e-02   8.81266075e-09]
 [  3.29616334e-07  -1.63517115e-01   1.16065381e-08   6.03835505e-02]
 [  1.60047856e-02   1.16065381e-08  -3.13039457e-02   2.15701389e-08]
 [  8.81266075e-09   6.03835505e-02   2.15701389e-08  -3.61354205e-02]]
Iter  78 ==============
E = -1.59234007181
dE = -4.86277684786e-14
|res| = 8.34704723658e-08
Cnew
[[  9.81413162e-01   2.70777006e-07   1.60047856e-02   7.23952561e-09]
 [  2.70777006e-07  -1.63517115e-01   9.53467202e-09   6.03835505e-02]
 [  1.60047856e-02   9.53467202e-09  -3.13039457e-02   1.77196851e-08]
 [  7.23952561e-09   6.03835505e-02   1.77196851e-08  -3.61354205e-02]]
Iter  79 ==============
E = -1.59234007181
dE = -3.35287353437e-14
|res| = 6.8570280912e-08
Cnew
[[  9.81413162e-01   2.22441001e-07   1.60047856e-02   5.94720852e-09]
 [  2.22441001e-07  -1.63517115e-01   7.83265172e-09   6.03835505e-02]
 [  1.60047856e-02   7.83265172e-09  -3.13039457e-02   1.45565701e-08]
 [  5.94720852e-09   6.03835505e-02   1.45565701e-08  -3.61354205e-02]]
Iter  80 ==============
E = -1.59234007181
dE = -2.13162820728e-14
|res| = 5.63299007556e-08
Cnew
[[  9.81413162e-01   1.82733384e-07   1.60047856e-02   4.88558105e-09]
 [  1.82733384e-07  -1.63517115e-01   6.43445657e-09   6.03835505e-02]
 [  1.60047856e-02   6.43445657e-09  -3.13039457e-02   1.19580982e-08]
 [  4.88558105e-09   6.03835505e-02   1.19580982e-08  -3.61354205e-02]]
Iter  81 ==============
E = -1.59234007181
dE = -1.42108547152e-14
|res| = 4.62745328873e-08
Cnew
[[  9.81413162e-01   1.50113916e-07   1.60047856e-02   4.01346315e-09]
 [  1.50113916e-07  -1.63517115e-01   5.28585118e-09   6.03835505e-02]
 [  1.60047856e-02   5.28585118e-09  -3.13039457e-02   9.82347562e-09]
 [  4.01346315e-09   6.03835505e-02   9.82347562e-09  -3.61354205e-02]]
Iter  82 ==============
E = -1.59234007181
dE = -1.11022302463e-14
|res| = 3.8014133972e-08
Cnew
[[  9.81413162e-01   1.23317301e-07   1.60047856e-02   3.29702573e-09]
 [  1.23317301e-07  -1.63517115e-01   4.34228165e-09   6.03835505e-02]
 [  1.60047856e-02   4.34228165e-09  -3.13039457e-02   8.06990141e-09]
 [  3.29702573e-09   6.03835505e-02   8.06990141e-09  -3.61354205e-02]]
Iter  83 ==============
E = -1.59234007181
dE = -6.88338275268e-15
|res| = 3.12282867374e-08
Cnew
[[  9.81413162e-01   1.01304111e-07   1.60047856e-02   2.70847850e-09]
 [  1.01304111e-07  -1.63517115e-01   3.56714733e-09   6.03835505e-02]
 [  1.60047856e-02   3.56714733e-09  -3.13039457e-02   6.62935516e-09]
 [  2.70847850e-09   6.03835505e-02   6.62935516e-09  -3.61354205e-02]]
Iter  84 ==============
E = -1.59234007181
dE = -4.4408920985e-15
|res| = 2.56537711282e-08
Cnew
[[  9.81413162e-01   8.32204628e-08   1.60047856e-02   2.22499198e-09]
 [  8.32204628e-08  -1.63517115e-01   2.93038110e-09   6.03835505e-02]
 [  1.60047856e-02   2.93038110e-09  -3.13039457e-02   5.44595871e-09]
 [  2.22499198e-09   6.03835505e-02   5.44595871e-09  -3.61354205e-02]]
Iter  85 ==============
E = -1.59234007181
dE = -3.10862446895e-15
|res| = 2.10743541148e-08
Cnew
[[  9.81413162e-01   6.83649002e-08   1.60047856e-02   1.82781192e-09]
 [  6.83649002e-08  -1.63517115e-01   2.40728307e-09   6.03835505e-02]
 [  1.60047856e-02   2.40728307e-09  -3.13039457e-02   4.47380861e-09]
 [  1.82781192e-09   6.03835505e-02   4.47380861e-09  -3.61354205e-02]]
Iter  86 ==============
E = -1.59234007181
dE = -2.6645352591e-15
|res| = 1.73124021079e-08
Cnew
[[  9.81413162e-01   5.61611822e-08   1.60047856e-02   1.50153189e-09]
 [  5.61611822e-08  -1.63517115e-01   1.97756251e-09   6.03835505e-02]
 [  1.60047856e-02   1.97756251e-09  -3.13039457e-02   3.67519561e-09]
 [  1.50153189e-09   6.03835505e-02   3.67519561e-09  -3.61354205e-02]]
Iter  87 ==============
E = -1.59234007181
dE = -1.33226762955e-15
|res| = 1.42219906296e-08
Cnew
[[  9.81413162e-01   4.61359320e-08   1.60047856e-02   1.23349563e-09]
 [  4.61359320e-08  -1.63517115e-01   1.62455073e-09   6.03835505e-02]
 [  1.60047856e-02   1.62455073e-09  -3.13039457e-02   3.01914184e-09]
 [  1.23349563e-09   6.03835505e-02   3.01914184e-09  -3.61354205e-02]]
Iter  88 ==============
E = -1.59234007181
dE = -4.4408920985e-16
|res| = 1.16832439663e-08
Cnew
[[  9.81413162e-01   3.79002745e-08   1.60047856e-02   1.01330613e-09]
 [  3.79002745e-08  -1.63517115e-01   1.33455457e-09   6.03835505e-02]
 [  1.60047856e-02   1.33455457e-09  -3.13039457e-02   2.48019926e-09]
 [  1.01330613e-09   6.03835505e-02   2.48019926e-09  -3.61354205e-02]]
Iter  89 ==============
E = -1.59234007181
dE = -4.4408920985e-16
|res| = 9.59768524186e-09
Cnew
[[  9.81413162e-01   3.11347521e-08   1.60047856e-02   8.32422336e-10]
 [  3.11347521e-08  -1.63517115e-01   1.09632519e-09   6.03835505e-02]
 [  1.60047856e-02   1.09632519e-09  -3.13039457e-02   2.03746253e-09]
 [  8.32422336e-10   6.03835505e-02   2.03746253e-09  -3.61354205e-02]]
Iter  90 ==============
E = -1.59234007181
dE = 0.0
|res| = 7.88441654286e-09
Cnew
[[  9.81413162e-01   2.55769332e-08   1.60047856e-02   6.83827841e-10]
 [  2.55769332e-08  -1.63517115e-01   9.00621795e-10   6.03835505e-02]
 [  1.60047856e-02   9.00621795e-10  -3.13039457e-02   1.67375809e-09]
 [  6.83827841e-10   6.03835505e-02   1.67375809e-09  -3.61354205e-02]]
Iter  91 ==============
E = -1.59234007181
dE = -1.7763568394e-15
|res| = 6.4769809235e-09
Cnew
[[  9.81413162e-01   2.10112324e-08   1.60047856e-02   5.61758731e-10]
 [  2.10112324e-08  -1.63517115e-01   7.39853123e-10   6.03835505e-02]
 [  1.60047856e-02   7.39853123e-10  -3.13039457e-02   1.37497799e-09]
 [  5.61758731e-10   6.03835505e-02   1.37497799e-09  -3.61354205e-02]]
Iter  92 ==============
E = -1.59234007181
dE = 1.11022302463e-15
|res| = 5.32078456984e-09
Cnew
[[  9.81413162e-01   1.72605481e-08   1.60047856e-02   4.61479999e-10]
 [  1.72605481e-08  -1.63517115e-01   6.07783030e-10   6.03835505e-02]
 [  1.60047856e-02   6.07783030e-10  -3.13039457e-02   1.12953269e-09]
 [  4.61479999e-10   6.03835505e-02   1.12953269e-09  -3.61354205e-02]]
Iter  93 ==============
E = -1.59234007181
dE = -8.881784197e-16
|res| = 4.37097912947e-09
Cnew
[[  9.81413162e-01   1.41793930e-08   1.60047856e-02   3.79101876e-10]
 [  1.41793930e-08  -1.63517115e-01   4.99288576e-10   6.03835505e-02]
 [  1.60047856e-02   4.99288576e-10  -3.13039457e-02   9.27901464e-10]
 [  3.79101876e-10   6.03835505e-02   9.27901464e-10  -3.61354205e-02]]
Iter  94 ==============
E = -1.59234007181
dE = -2.22044604925e-16
|res| = 3.59072206355e-09
Cnew
[[  9.81413162e-01   1.16482503e-08   1.60047856e-02   3.11428951e-10]
 [  1.16482503e-08  -1.63517115e-01   4.10161307e-10   6.03835505e-02]
 [  1.60047856e-02   4.10161307e-10  -3.13039457e-02   7.62263135e-10]
 [  3.11428951e-10   6.03835505e-02   7.62263135e-10  -3.61354205e-02]]
Iter  95 ==============
E = -1.59234007181
dE = 0.0
|res| = 2.94974754071e-09
Cnew
[[  9.81413162e-01   9.56893825e-09   1.60047856e-02   2.55836220e-10]
 [  9.56893825e-09  -1.63517115e-01   3.36944016e-10   6.03835505e-02]
 [  1.60047856e-02   3.36944016e-10  -3.13039457e-02   6.26192662e-10]
 [  2.55836220e-10   6.03835505e-02   6.26192662e-10  -3.61354205e-02]]
Iter  96 ==============
E = -1.59234007181
dE = 4.4408920985e-16
|res| = 2.42319243871e-09
Cnew
[[  9.81413162e-01   7.86080111e-09   1.60047856e-02   2.10167266e-10]
 [  7.86080111e-09  -1.63517115e-01   2.76796636e-10   6.03835505e-02]
 [  1.60047856e-02   2.76796636e-10  -3.13039457e-02   5.14411929e-10]
 [  2.10167266e-10   6.03835505e-02   5.14411929e-10  -3.61354205e-02]]
Iter  97 ==============
E = -1.59234007181
dE = -4.4408920985e-16
|res| = 1.99063191477e-09
Cnew
[[  9.81413162e-01   6.45758102e-09   1.60047856e-02   1.72650610e-10]
 [  6.45758102e-09  -1.63517115e-01   2.27386077e-10   6.03835505e-02]
 [  1.60047856e-02   2.27386077e-10  -3.13039457e-02   4.22585010e-10]
 [  1.72650610e-10   6.03835505e-02   4.22585010e-10  -3.61354205e-02]]
Iter  98 ==============
E = -1.59234007181
dE = 2.22044604925e-16
|res| = 1.63528713477e-09
Cnew
[[  9.81413162e-01   5.30484769e-09   1.60047856e-02   1.41830997e-10]
 [  5.30484769e-09  -1.63517115e-01   1.86795724e-10   6.03835505e-02]
 [  1.60047856e-02   1.86795724e-10  -3.13039457e-02   3.47149980e-10]
 [  1.41830997e-10   6.03835505e-02   3.47149980e-10  -3.61354205e-02]]
Iter  99 ==============
E = -1.59234007181
dE = 2.22044604925e-16
|res| = 1.34337442965e-09
Cnew
[[  9.81413162e-01   4.35788709e-09   1.60047856e-02   1.16512948e-10]
 [  4.35788709e-09  -1.63517115e-01   1.53451096e-10   6.03835505e-02]
 [  1.60047856e-02   1.53451096e-10  -3.13039457e-02   2.85180746e-10]
 [  1.16512948e-10   6.03835505e-02   2.85180746e-10  -3.61354205e-02]]
Iter  100 ==============
E = -1.59234007181
dE = 2.22044604925e-16
|res| = 1.10357063286e-09
Cnew
[[  9.81413162e-01   3.57996703e-09   1.60047856e-02   9.57143864e-11]
 [  3.57996703e-09  -1.63517115e-01   1.26058768e-10   6.03835505e-02]
 [  1.60047856e-02   1.26058768e-10  -3.13039457e-02   2.34273550e-10]
 [  9.57143864e-11   6.03835505e-02   2.34273550e-10  -3.61354205e-02]]
Iter  101 ==============
E = -1.59234007181
dE = -2.22044604925e-16
|res| = 9.06573859706e-10
Iteration Converged.
E(FCI) = -1.111269880064
Benchmark
converged SCF energy = -1.07568569471131
E(FCI) = -1.111269880064
