converged SCF energy = -1.07568569471131
mo_coeff
[[ 0.27416506  0.18125502  0.89488867  0.9550129 ]
 [ 0.35188235  1.10507772 -0.69968697 -1.16877858]
 [ 0.27416506 -0.18125502  0.89488867 -0.9550129 ]
 [ 0.35188235 -1.10507772 -0.69968697  1.16877858]]
mo_occ
[ 2.  0.  0.  0.]
mo_energy
[-0.50591823  0.14151226  0.95034356  1.10868772]
ne = 1 no = 4 ns = 4
h matrix
[[ -1.05083766e+00   1.11022302e-16  -1.24096745e-01   4.44089210e-16]
 [  5.55111512e-17  -6.23588251e-01  -3.05311332e-16  -1.86496292e-01]
 [ -1.24096745e-01  -1.66533454e-16   4.93564191e-02   1.11022302e-16]
 [  2.98372438e-16  -1.86496292e-01   1.17961196e-16   1.24701853e-01]]
g matrix
0.544919429822
C0
[[ 0.25  0.25  0.25  0.25]
 [ 0.25  0.25  0.25  0.25]
 [ 0.25  0.25  0.25  0.25]
 [ 0.25  0.25  0.25  0.25]]
Cnew  ====================
[[ 0.43887136  0.41707581  0.22976424  0.18584654]
 [ 0.41707581  0.37313438  0.20090116  0.16596358]
 [ 0.22976424  0.20090116  0.0045744  -0.0345736 ]
 [ 0.18584654  0.16596358 -0.0345736  -0.08587873]]
 E = -0.426143000806
Cnew  ====================
[[ 0.56280977  0.47196329  0.15794983  0.10104557]
 [ 0.47196329  0.35563466  0.10556599  0.06440092]
 [ 0.15794983  0.10556599 -0.02678827 -0.04659289]
 [ 0.10104557  0.06440092 -0.04659289 -0.07287678]]
 E = -0.928713059793
dE = 0.502570058987
Cnew  ====================
[[ 0.65729261  0.4736126   0.10033897  0.04819275]
 [ 0.4736126   0.28449601  0.05231891  0.01255025]
 [ 0.10033897  0.05231891 -0.03163284 -0.03974837]
 [ 0.04819275  0.01255025 -0.03974837 -0.0606604 ]]
 E = -1.14504789705
dE = 0.216334837259
Cnew  ====================
[[ 0.73524442  0.44846055  0.06274997  0.01993201]
 [ 0.44846055  0.20136651  0.02783953 -0.01221893]
 [ 0.06274997  0.02783953 -0.032251   -0.03387293]
 [ 0.01993201 -0.01221893 -0.03387293 -0.05272742]]
 E = -1.26125230936
dE = 0.116204412313
Cnew  ====================
[[ 0.79985894  0.40926425  0.03996731  0.00579747]
 [ 0.40926425  0.12279446  0.0173075  -0.02550872]
 [ 0.03996731  0.0173075  -0.0324875  -0.02911147]
 [ 0.00579747 -0.02550872 -0.02911147 -0.04732734]]
 E = -1.34170200183
dE = 0.0804496924617
Cnew  ====================
[[ 0.85134119  0.36323912  0.02684814 -0.00087692]
 [ 0.36323912  0.05502246  0.0126669  -0.03406822]
 [ 0.02684814  0.0126669  -0.03267462 -0.02497809]
 [-0.00087692 -0.03406822 -0.02497809 -0.04364153]]
 E = -1.40543010239
dE = 0.0637281005611
Cnew  ====================
[[  8.90486683e-01   3.15502275e-01   1.97270375e-02  -3.73213692e-03]
 [  3.15502275e-01  -1.53282556e-04   1.02891148e-02  -4.03761646e-02]
 [  1.97270375e-02   1.02891148e-02  -3.27385768e-02  -2.12795416e-02]
 [ -3.73213692e-03  -4.03761646e-02  -2.12795416e-02  -4.11612781e-02]]
 E = -1.45627957432
dE = 0.0508494719293
Cnew  ====================
[[ 0.91906086  0.26959323  0.01616308 -0.00468191]
 [ 0.26959323 -0.04326091  0.00872333 -0.0452821 ]
 [ 0.01616308  0.00872333 -0.03267229 -0.0179779 ]
 [-0.00468191 -0.0452821  -0.0179779  -0.03951288]]
 E = -1.49550870852
dE = 0.0392291342074
Cnew  ====================
[[ 0.93926389  0.22761713  0.01460225 -0.0047181 ]
 [ 0.22761713 -0.07595459  0.00746003 -0.04911443]
 [ 0.01460225  0.00746003 -0.03251999 -0.01507522]
 [-0.0047181  -0.04911443 -0.01507522 -0.038423  ]]
 E = -1.52465423254
dE = 0.0291455240179
Cnew  ====================
[[ 0.95321697  0.19053831  0.01410139 -0.00434897]
 [ 0.19053831 -0.10023589  0.00635045 -0.05206648]
 [ 0.01410139  0.00635045 -0.03233076 -0.01256617]
 [-0.00434897 -0.05206648 -0.01256617 -0.03770091]]
 E = -1.54564223334
dE = 0.0209880007997
Cnew  ====================
[[ 0.96269426  0.1585476   0.01411593 -0.00383063]
 [ 0.1585476  -0.11801139  0.00536367 -0.05430139]
 [ 0.01411593  0.00536367 -0.03213971 -0.0104284 ]
 [-0.00383063 -0.05430139 -0.0104284  -0.03721886]]
 E = -1.56041017756
dE = 0.0147679442158
Cnew  ====================
[[ 0.96905688  0.13138466  0.01434765 -0.00328811]
 [ 0.13138466 -0.13089903  0.00449693 -0.05596758]
 [ 0.01434765  0.00449693 -0.03196635 -0.00862688]
 [-0.00328811 -0.05596758 -0.00862688 -0.03689349]]
 E = -1.57063566765
dE = 0.0102254900939
Cnew  ====================
[[ 0.9732937   0.10856895  0.01464297 -0.0027788 ]
 [ 0.10856895 -0.14018378  0.0037481  -0.05719467]
 [ 0.01464297  0.0037481  -0.03181879 -0.00712075]
 [-0.0027788  -0.05719467 -0.00712075 -0.0366711 ]]
 E = -1.57764068011
dE = 0.00700501245542
Cnew  ====================
[[ 0.97609842  0.08954382  0.01492937 -0.00232555]
 [ 0.08954382 -0.14684572  0.00311032 -0.05809005]
 [ 0.01492937  0.00311032 -0.03169831 -0.00586858]
 [-0.00232555 -0.05809005 -0.00586858 -0.03651715]]
 E = -1.58240680617
dE = 0.00476612606174
Cnew  ====================
[[ 0.97794688  0.07375703  0.01517755 -0.00193404]
 [ 0.07375703 -0.15161363  0.00257298 -0.0587389 ]
 [ 0.01517755  0.00257298 -0.03160271 -0.00483155]
 [-0.00193404 -0.0587389  -0.00483155 -0.03640932]]
 E = -1.58563597025
dE = 0.00322916407749
Cnew  ====================
[[ 0.97916069  0.06070042  0.01537995 -0.00160187]
 [ 0.06070042 -0.15502075  0.00212381 -0.05920672]
 [ 0.01537995  0.00212381 -0.03152836 -0.00397494]
 [-0.00160187 -0.05920672 -0.00397494 -0.03633301]]
 E = -1.5878183414
dE = 0.00218237115606
Cnew  ====================
[[ 0.97995516  0.04992568  0.01553895 -0.00132315]
 [ 0.04992568 -0.15745335  0.00175038 -0.05954278]
 [ 0.01553895  0.00175038 -0.03147138 -0.00326864]
 [-0.00132315 -0.05954278 -0.00326864 -0.03627853]]
 E = -1.58929118482
dE = 0.00147284341467
Cnew  ====================
[[ 0.98047352  0.04104723  0.01566082 -0.00109097]
 [ 0.04104723 -0.15918938  0.00144111 -0.05978354]
 [ 0.01566082  0.00144111 -0.03142821 -0.00268697]
 [-0.00109097 -0.05978354 -0.00268697 -0.03623937]]
 E = -1.59028445786
dE = 0.00099327304184
Cnew  ====================
[[  9.80810619e-01   3.37386250e-02   1.57526304e-02  -8.98444891e-04]
 [  3.37386250e-02  -1.60428069e-01   1.18563982e-03  -5.99556838e-02]
 [  1.57526304e-02   1.18563982e-03  -3.13957713e-02  -2.20832133e-03]
 [ -8.98444891e-04  -5.99556838e-02  -2.20832133e-03  -3.62110780e-02]]
 E = -1.59095409823
dE = 0.00066964036762
Cnew  ====================
[[  9.81029042e-01   2.77263424e-02   1.58209428e-02  -7.39298176e-04]
 [  2.77263424e-02  -1.61311894e-01   9.74984947e-04  -6.00785980e-02]
 [  1.58209428e-02   9.74984947e-04  -3.13715608e-02  -1.81467169e-03]
 [ -7.39298176e-04  -6.00785980e-02  -1.81467169e-03  -3.61905517e-02]]
 E = -1.59140551459
dE = 0.000451416361912
Cnew  ====================
[[  9.81169991e-01   2.27826887e-02   1.58713095e-02  -6.08011582e-04]
 [  2.27826887e-02  -1.61942571e-01   8.01493959e-04  -6.01662737e-02]
 [  1.58713095e-02   8.01493959e-04  -3.13535870e-02  -1.49104449e-03]
 [ -6.08011582e-04  -6.01662737e-02  -1.49104449e-03  -3.61756204e-02]]
 E = -1.59170983478
dE = 0.000304320194307
Cnew  ====================
[[  9.81260515e-01   1.87189622e-02   1.59081908e-02  -4.99856236e-04]
 [  1.87189622e-02  -1.62392675e-01   6.58727525e-04  -6.02287708e-02]
 [  1.59081908e-02   6.58727525e-04  -3.13403008e-02  -1.22505047e-03]
 [ -4.99856236e-04  -6.02287708e-02  -1.22505047e-03  -3.61647392e-02]]
 E = -1.59191501187
dE = 0.000205177090506
Cnew  ====================
[[  9.81318331e-01   1.53792288e-02   1.59350568e-02  -4.10838543e-04]
 [  1.53792288e-02  -1.62713963e-01   5.41309725e-04  -6.02732997e-02]
 [  1.59350568e-02   5.41309725e-04  -3.13305143e-02  -1.00646275e-03]
 [ -4.10838543e-04  -6.02732997e-02  -1.00646275e-03  -3.61568010e-02]]
 E = -1.59205336271
dE = 0.000138350835558
Cnew  ====================
[[  9.81355014e-01   1.26348812e-02   1.59545489e-02  -3.37617461e-04]
 [  1.26348812e-02  -1.62943346e-01   4.44776157e-04  -6.03050177e-02]
 [  1.59545489e-02   4.44776157e-04  -3.13233269e-02  -8.26852767e-04]
 [ -3.37617461e-04  -6.03050177e-02  -8.26852767e-04  -3.61510069e-02]]
 E = -1.5921466646
dE = 9.33018899507e-05
Cnew  ====================
[[  9.81378103e-01   1.03799880e-02   1.59686474e-02  -2.77414888e-04]
 [  1.03799880e-02  -1.63107145e-01   3.65432499e-04  -6.03276071e-02]
 [  1.59686474e-02   3.65432499e-04  -3.13180615e-02  -6.79281409e-04]
 [ -2.77414888e-04  -6.03276071e-02  -6.79281409e-04  -3.61467772e-02]]
 E = -1.59220959361
dE = 6.29290128971e-05
Cnew  ====================
[[  9.81392494e-01   8.52737139e-03   1.59788202e-02  -2.27930073e-04]
 [  8.52737139e-03  -1.63224135e-01   3.00228939e-04  -6.03436943e-02]
 [  1.59788202e-02   3.00228939e-04  -3.13142124e-02  -5.58039900e-04]
 [ -2.27930073e-04  -6.03436943e-02  -5.58039900e-04  -3.61436902e-02]]
 E = -1.5922520416
dE = 4.24479923626e-05
Cnew  ====================
[[  9.81401356e-01   7.00532901e-03   1.59861467e-02  -1.87262663e-04]
 [  7.00532901e-03  -1.63307708e-01   2.46651760e-04  -6.03551514e-02]
 [  1.59861467e-02   2.46651760e-04  -3.13114037e-02  -4.58433890e-04]
 [ -1.87262663e-04  -6.03551514e-02  -4.58433890e-04  -3.61414383e-02]]
 E = -1.59228067695
dE = 2.86353472956e-05
Cnew  ====================
[[  9.81406728e-01   5.75491012e-03   1.59914156e-02  -1.53845816e-04]
 [  5.75491012e-03  -1.63367420e-01   2.02631339e-04  -6.03633116e-02]
 [  1.59914156e-02   2.02631339e-04  -3.13093575e-02  -3.76604445e-04]
 [ -1.53845816e-04  -6.03633116e-02  -3.76604445e-04  -3.61397964e-02]]
 E = -1.59229999576
dE = 1.93188084157e-05
Cnew  ====================
[[  9.81409917e-01   4.72766062e-03   1.59952004e-02  -1.26389210e-04]
 [  4.72766062e-03  -1.63410090e-01   1.66464926e-04  -6.03691244e-02]
 [  1.59952004e-02   1.66464926e-04  -3.13078688e-02  -3.09380062e-04]
 [ -1.26389210e-04  -6.03691244e-02  -3.09380062e-04  -3.61386001e-02]]
 E = -1.59231302998
dE = 1.30342164113e-05
Cnew  ====================
[[  9.81411758e-01   3.88376116e-03   1.59979167e-02  -1.03831093e-04]
 [  3.88376116e-03  -1.63440587e-01   1.36752299e-04  -6.03732656e-02]
 [  1.59979167e-02   1.36752299e-04  -3.13067872e-02  -2.54154590e-04]
 [ -1.03831093e-04  -6.03732656e-02  -2.54154590e-04  -3.61377291e-02]]
 E = -1.59232182448
dE = 8.79449963453e-06
Cnew  ====================
[[  9.81412778e-01   3.19049235e-03   1.59998649e-02  -8.52982644e-05]
 [  3.19049235e-03  -1.63462388e-01   1.12342391e-04  -6.03762166e-02]
 [  1.59998649e-02   1.12342391e-04  -3.13060022e-02  -2.08786663e-04]
 [ -8.52982644e-05  -6.03762166e-02  -2.08786663e-04  -3.61370955e-02]]
 E = -1.59232775857
dE = 5.93409725003e-06
Cnew  ====================
[[  9.81413306e-01   2.62097094e-03   1.60012614e-02  -7.00728560e-05]
 [  2.62097094e-03  -1.63477974e-01   9.22891735e-05  -6.03783198e-02]
 [  1.60012614e-02   9.22891735e-05  -3.13054329e-02  -1.71516926e-04]
 [ -7.00728560e-05  -6.03783198e-02  -1.71516926e-04  -3.61366350e-02]]
 E = -1.59233176274
dE = 4.00416481194e-06
Cnew  ====================
[[  9.81413548e-01   2.15311009e-03   1.60022620e-02  -5.75648418e-05]
 [  2.15311009e-03  -1.63489118e-01   7.58152448e-05  -6.03798191e-02]
 [  1.60022620e-02   7.58152448e-05  -3.13050206e-02  -1.40899948e-04]
 [ -5.75648418e-05  -6.03798191e-02  -1.40899948e-04  -3.61363004e-02]]
 E = -1.5923344647
dE = 2.70196733276e-06
Cnew  ====================
[[  9.81413630e-01   1.76876424e-03   1.60029788e-02  -4.72893533e-05]
 [  1.76876424e-03  -1.63497087e-01   6.22818412e-05  -6.03808881e-02]
 [  1.60029788e-02   6.22818412e-05  -3.13047221e-02  -1.15748247e-04]
 [ -4.72893533e-05  -6.03808881e-02  -1.15748247e-04  -3.61360576e-02]]
 E = -1.592336288
dE = 1.8232943042e-06
Cnew  ====================
[[  9.81413626e-01   1.45302622e-03   1.60034921e-02  -3.88479818e-05]
 [  1.45302622e-03  -1.63502786e-01   5.11641479e-05  -6.03816504e-02]
 [  1.60034921e-02   5.11641479e-05  -3.13045062e-02  -9.50862763e-05]
 [ -3.88479818e-05  -6.03816504e-02  -9.50862763e-05  -3.61358815e-02]]
 E = -1.59233751838
dE = 1.23038244637e-06
Cnew  ====================
[[  9.81413581e-01   1.19364946e-03   1.60038596e-02  -3.19133864e-05]
 [  1.19364946e-03  -1.63506863e-01   4.20309925e-05  -6.03821942e-02]
 [  1.60038596e-02   4.20309925e-05  -3.13043501e-02  -7.81126084e-05]
 [ -3.19133864e-05  -6.03821942e-02  -7.81126084e-05  -3.61357539e-02]]
 E = -1.59233834867
dE = 8.30287831599e-07
Cnew  ====================
[[  9.81413521e-01   9.80573303e-04   1.60041228e-02  -2.62166307e-05]
 [  9.80573303e-04  -1.63509779e-01   3.45281470e-05  -6.03825822e-02]
 [  1.60041228e-02   3.45281470e-05  -3.13042374e-02  -6.41688655e-05]
 [ -2.62166307e-05  -6.03825822e-02  -6.41688655e-05  -3.61356615e-02]]
 E = -1.59233890897
dE = 5.60300815078e-07
Cnew  ====================
[[  9.81413459e-01   8.05532855e-04   1.60043111e-02  -2.15367695e-05]
 [  8.05532855e-04  -1.63511866e-01   2.83646033e-05  -6.03828591e-02]
 [  1.60043111e-02   2.83646033e-05  -3.13041560e-02  -5.27141890e-05]
 [ -2.15367695e-05  -6.03828591e-02  -5.27141890e-05  -3.61355946e-02]]
 E = -1.59233928708
dE = 3.7810895126e-07
Cnew  ====================
[[  9.81413401e-01   6.61738508e-04   1.60044460e-02  -1.76922897e-05]
 [  6.61738508e-04  -1.63513358e-01   2.33012936e-05  -6.03830567e-02]
 [  1.60044460e-02   2.33012936e-05  -3.13040972e-02  -4.33042639e-05]
 [ -1.76922897e-05  -6.03830567e-02  -4.33042639e-05  -3.61355462e-02]]
 E = -1.59233954224
dE = 2.55161459295e-07
Cnew  ====================
[[  9.81413352e-01   5.43612616e-04   1.60045425e-02  -1.45340746e-05]
 [  5.43612616e-04  -1.63514426e-01   1.91418216e-05  -6.03831978e-02]
 [  1.60045425e-02   1.91418216e-05  -3.13040549e-02  -3.55740875e-05]
 [ -1.45340746e-05  -6.03831978e-02  -3.55740875e-05  -3.61355112e-02]]
 E = -1.59233971443
dE = 1.7219282733e-07
Cnew  ====================
[[  9.81413310e-01   4.46573169e-04   1.60046116e-02  -1.19396236e-05]
 [  4.46573169e-04  -1.63515191e-01   1.57248475e-05  -6.03832985e-02]
 [  1.60046116e-02   1.57248475e-05  -3.13040243e-02  -2.92238116e-05]
 [ -1.19396236e-05  -6.03832985e-02  -2.92238116e-05  -3.61354860e-02]]
 E = -1.59233983064
dE = 1.16202766742e-07
Cnew  ====================
[[  9.81413276e-01   3.66856073e-04   1.60046610e-02  -9.80830192e-06]
 [  3.66856073e-04  -1.63515738e-01   1.29178304e-05  -6.03833704e-02]
 [  1.60046610e-02   1.29178304e-05  -3.13040023e-02  -2.40071132e-05]
 [ -9.80830192e-06  -6.03833704e-02  -2.40071132e-05  -3.61354677e-02]]
 E = -1.59233990905
dE = 7.84185820724e-08
Cnew  ====================
[[  9.81413249e-01   3.01369147e-04   1.60046964e-02  -8.05743799e-06]
 [  3.01369147e-04  -1.63516129e-01   1.06118888e-05  -6.03834218e-02]
 [  1.60046964e-02   1.06118888e-05  -3.13039864e-02  -1.97216394e-05]
 [ -8.05743799e-06  -6.03834218e-02  -1.97216394e-05  -3.61354545e-02]]
 E = -1.59233996197
dE = 5.2920304805e-08
Cnew  ====================
[[  9.81413228e-01   2.47572190e-04   1.60047218e-02  -6.61911748e-06]
 [  2.47572190e-04  -1.63516409e-01   8.71757685e-06  -6.03834585e-02]
 [  1.60047218e-02   8.71757685e-06  -3.13039750e-02  -1.62011589e-05]
 [ -6.61911748e-06  -6.03834585e-02  -1.62011589e-05  -3.61354450e-02]]
 E = -1.59233999769
dE = 3.5713001445e-08
Cnew  ====================
[[  9.81413212e-01   2.03378446e-04   1.60047399e-02  -5.43754904e-06]
 [  2.03378446e-04  -1.63516610e-01   7.16141542e-06  -6.03834847e-02]
 [  1.60047399e-02   7.16141542e-06  -3.13039668e-02  -1.33091140e-05]
 [ -5.43754904e-06  -6.03834847e-02  -1.33091140e-05  -3.61354382e-02]]
 E = -1.59234002179
dE = 2.41007669377e-08
Cnew  ====================
[[  9.81413200e-01   1.67073661e-04   1.60047529e-02  -4.46690043e-06]
 [  1.67073661e-04  -1.63516753e-01   5.88304190e-06  -6.03835035e-02]
 [  1.60047529e-02   5.88304190e-06  -3.13039609e-02  -1.09333237e-05]
 [ -4.46690043e-06  -6.03835035e-02  -1.09333237e-05  -3.61354332e-02]]
 E = -1.59234003805
dE = 1.62643136736e-08
Cnew  ====================
[[  9.81413190e-01   1.37249588e-04   1.60047622e-02  -3.66952075e-06]
 [  1.37249588e-04  -1.63516856e-01   4.83286885e-06  -6.03835169e-02]
 [  1.60047622e-02   4.83286885e-06  -3.13039566e-02  -8.98163223e-06]
 [ -3.66952075e-06  -6.03835169e-02  -8.98163223e-06  -3.61354297e-02]]
 E = -1.59234004903
dE = 1.09759190625e-08
Cnew  ====================
[[  9.81413183e-01   1.12749366e-04   1.60047689e-02  -3.01448008e-06]
 [  1.12749366e-04  -1.63516930e-01   3.97016060e-06  -6.03835264e-02]
 [  1.60047689e-02   3.97016060e-06  -3.13039536e-02  -7.37833429e-06]
 [ -3.01448008e-06  -6.03835264e-02  -7.37833429e-06  -3.61354271e-02]]
 E = -1.59234005644
dE = 7.4070685141e-09
Cnew  ====================
[[  9.81413178e-01   9.26226430e-05   1.60047736e-02  -2.47636971e-06]
 [  9.26226430e-05  -1.63516982e-01   3.26145310e-06  -6.03835333e-02]
 [  1.60047736e-02   3.26145310e-06  -3.13039513e-02  -6.06123869e-06]
 [ -2.47636971e-06  -6.03835333e-02  -6.06123869e-06  -3.61354253e-02]]
 E = -1.59234006143
dE = 4.99864083459e-09
Cnew  ====================
[[  9.81413174e-01   7.60887112e-05   1.60047770e-02  -2.03431662e-06]
 [  7.60887112e-05  -1.63517020e-01   2.67925592e-06  -6.03835382e-02]
 [  1.60047770e-02   2.67925592e-06  -3.13039498e-02  -4.97925588e-06]
 [ -2.03431662e-06  -6.03835382e-02  -4.97925588e-06  -3.61354239e-02]]
 E = -1.59234006481
dE = 3.37332028977e-09
Cnew  ====================
[[  9.81413171e-01   6.25062272e-05   1.60047795e-02  -1.67117376e-06]
 [  6.25062272e-05  -1.63517047e-01   2.20098589e-06  -6.03835417e-02]
 [  1.60047795e-02   2.20098589e-06  -3.13039486e-02  -4.09041623e-06]
 [ -1.67117376e-06  -6.03835417e-02  -4.09041623e-06  -3.61354230e-02]]
 E = -1.59234006708
dE = 2.2764770069e-09
Cnew  ====================
[[  9.81413168e-01   5.13483324e-05   1.60047812e-02  -1.37285500e-06]
 [  5.13483324e-05  -1.63517067e-01   1.80809114e-06  -6.03835442e-02]
 [  1.60047812e-02   1.80809114e-06  -3.13039478e-02  -3.36024204e-06]
 [ -1.37285500e-06  -6.03835442e-02  -3.36024204e-06  -3.61354223e-02]]
 E = -1.59234006862
dE = 1.53627532917e-09
Cnew  ====================
[[  9.81413167e-01   4.21822171e-05   1.60047825e-02  -1.12778867e-06]
 [  4.21822171e-05  -1.63517080e-01   1.48533145e-06  -6.03835460e-02]
 [  1.60047825e-02   1.48533145e-06  -3.13039472e-02  -2.76041017e-06]
 [ -1.12778867e-06  -6.03835460e-02  -2.76041017e-06  -3.61354218e-02]]
 E = -1.59234006966
dE = 1.03675357188e-09
Cnew  ====================
[[  9.81413165e-01   3.46523314e-05   1.60047834e-02  -9.26468774e-07]
 [  3.46523314e-05  -1.63517090e-01   1.22018711e-06  -6.03835473e-02]
 [  1.60047834e-02   1.22018711e-06  -3.13039468e-02  -2.26765341e-06]
 [ -9.26468774e-07  -6.03835473e-02  -2.26765341e-06  -3.61354214e-02]]
 E = -1.59234007036
dE = 6.99650115621e-10
nre
0.481070189598
groundstate energy
-1.11126988076
