My FCI
converged SCF energy = -1.07568569471131
mo_coeff
[[ 0.27416506  0.18125502  0.89488867 -0.9550129 ]
 [ 0.35188235  1.10507772 -0.69968697  1.16877858]
 [ 0.27416506 -0.18125502  0.89488867  0.9550129 ]
 [ 0.35188235 -1.10507772 -0.69968697 -1.16877858]]
mo_occ
[ 2.  0.  0.  0.]
mo_energy
[-0.50591823  0.14151226  0.95034356  1.10868772]
ne = 1 no = 4 ns = 4
h matrix
[[ -1.05083766e+00   0.00000000e+00  -1.24096745e-01   0.00000000e+00]
 [ -1.38777878e-17  -6.23588251e-01   3.60822483e-16   1.86496292e-01]
 [ -1.24096745e-01   1.38777878e-16   4.93564191e-02   8.32667268e-17]
 [  2.42861287e-17   1.86496292e-01   1.04083409e-16   1.24701853e-01]]
g matrix
0.544919429822
0 1 -1.94289029309e-16 4.33680868994e-19 -1.94722710178e-16
0 2 -0.316990952573 -0.316990952573 -5.55111512313e-17
0 3 -2.8449465006e-16 5.20417042793e-17 -3.3653635434e-16
1 2 3.0184188482e-16 3.72965547335e-17 2.64545330086e-16
1 3 0.368675141044 0.368675141044 -2.77555756156e-16
2 3 5.03069808033e-17 5.81132364452e-17 -7.8062556419e-18
C0
[[ 0.25  0.25  0.25  0.25]
 [ 0.25  0.25  0.25  0.25]
 [ 0.25  0.25  0.25  0.25]
 [ 0.25  0.25  0.25  0.25]]
sig1
[[-0.89685682 -0.59297648 -0.61429239 -0.44644473]
 [-0.59297648 -0.28909614 -0.31041205 -0.1425644 ]
 [-0.61429239 -0.31041205 -0.33172796 -0.16388031]
 [-0.44644473 -0.1425644  -0.16388031  0.00396735]]
sig2
[[ 0.46802214  0.19656732  0.42048011  0.27218819]
 [ 0.19656732  0.14381852  0.1529016   0.03021082]
 [ 0.42048011  0.1529016   0.4472862   0.30761094]
 [ 0.27218819  0.03021082  0.30761094  0.2840719 ]]
Iter  1 ==============
E = -0.487934389293
dE = -0.487934389293
|res| = 0.533257085798
Cnew
[[ 0.40256529  0.38333618  0.26319136  0.25159433]
 [ 0.38333618  0.23440913  0.2416635   0.21488438]
 [ 0.26319136  0.2416635   0.0797272   0.06302029]
 [ 0.25159433  0.21488438  0.06302029 -0.02255819]]
sig1
[[-1.35581314 -0.91289833 -0.63272959 -0.34094565]
 [-0.91289833 -0.28546369 -0.41083132 -0.20288034]
 [-0.63272959 -0.41083132 -0.22210392 -0.03522609]
 [-0.34094565 -0.20288034 -0.03522609  0.17472036]]
sig2
[[ 0.603348    0.35647832  0.40299873  0.13431206]
 [ 0.35647832  0.1374282   0.24979904  0.08463552]
 [ 0.40299873  0.24979904  0.25934993  0.06008594]
 [ 0.13431206  0.08463552  0.06008594 -0.03262784]]
Iter  2 ==============
E = -1.1148627508
dE = -0.626928361511
|res| = 0.240171792169
Cnew
[[ 0.53104776  0.43207123  0.2266306   0.21067922]
 [ 0.43207123  0.17583637  0.18514723  0.15316264]
 [ 0.2266306   0.18514723  0.01953155  0.01754501]
 [ 0.21067922  0.15316264  0.01754501 -0.07570138]]
sig1
[[-1.71210024 -1.02818137 -0.58771877 -0.23338299]
 [-1.02818137 -0.22005294 -0.36995118 -0.1633594 ]
 [-0.58771877 -0.36995118 -0.1572137  -0.01093215]
 [-0.23338299 -0.1633594  -0.01093215  0.16755162]]
sig2
[[ 0.71242012  0.4128623   0.38862922  0.05552325]
 [ 0.4128623   0.12824526  0.23816352  0.05363776]
 [ 0.38862922  0.23816352  0.18468804 -0.00262176]
 [ 0.05552325  0.05363776 -0.00262176 -0.06627196]]
Iter  3 ==============
E = -1.33394338172
dE = -0.219080630917
|res| = 0.190822810189
Cnew
[[ 0.64423035  0.4408103   0.17917087  0.16352259]
 [ 0.4408103   0.11264211  0.13338692  0.11063889]
 [ 0.17917087  0.13338692 -0.00334284  0.01308846]
 [ 0.16352259  0.11063889  0.01308846 -0.07448519]]
sig1
[[-2.01629022 -1.05033921 -0.52981765 -0.14209986]
 [-1.05033921 -0.13173468 -0.30742111 -0.13060477]
 [-0.52981765 -0.30742111 -0.11127473 -0.01191497]
 [-0.14209986 -0.13060477 -0.01191497  0.13531925]]
sig2
[[ 0.80322237  0.42625256  0.37211853  0.00342886]
 [ 0.42625256  0.10928816  0.20604265  0.02656017]
 [ 0.37211853  0.20604265  0.14538109 -0.01340789]
 [ 0.00342886  0.02656017 -0.01340789 -0.04556788]]
Iter  4 ==============
E = -1.49362296033
dE = -0.15967957861
|res| = 0.160909820219
Cnew
[[ 0.73536005  0.42162464  0.13337693  0.11964751]
 [ 0.42162464  0.05348564  0.09295065  0.08499963]
 [ 0.13337693  0.09295065 -0.01482726  0.01520819]
 [ 0.11964751  0.08499963  0.01520819 -0.06502618]]
sig1
[[-2.25640429 -1.00719875 -0.47157355 -0.06922622]
 [-1.00719875 -0.03861312 -0.24826041 -0.1154009 ]
 [-0.47157355 -0.24826041 -0.07428431 -0.0144139 ]
 [-0.06922622 -0.1154009  -0.0144139   0.10958965]]
sig2
[[ 0.87069413  0.41191325  0.35195981 -0.03291033]
 [ 0.41191325  0.08354736  0.17298916  0.01396523]
 [ 0.35195981  0.17298916  0.11599129 -0.01465298]
 [-0.03291033  0.01396523 -0.01465298 -0.02586934]]
Iter  5 ==============
E = -1.61309835385
dE = -0.119475393519
|res| = 0.132943001171
Cnew
[[ 0.80462771  0.38576473  0.09597198  0.08413375]
 [ 0.38576473  0.00324397  0.06381496  0.0707242 ]
 [ 0.09597198  0.06381496 -0.02144626  0.01679574]
 [ 0.08413375  0.0707242   0.01679574 -0.05642696]]
sig1
[[-2.43726847 -0.92414632 -0.42323636 -0.0176949 ]
 [-0.92414632  0.04600529 -0.19862571 -0.11208677]
 [-0.42323636 -0.19862571 -0.04598374 -0.01502069]
 [-0.0176949  -0.11208677 -0.01502069  0.09285948]]
sig2
[[ 0.91923018  0.38039937  0.33354964 -0.05512409]
 [ 0.38039937  0.05710026  0.14366229  0.01104532]
 [ 0.33354964  0.14366229  0.09356898 -0.01432591]
 [-0.05512409  0.01104532 -0.01432591 -0.013449  ]]
Iter  6 ==============
E = -1.69790021742
dE = -0.0848018635693
|res| = 0.109311932458
Cnew
[[ 0.85581825  0.34249137  0.0684085   0.0578314 ]
 [ 0.34249137 -0.03679537  0.04376553  0.06328942]
 [ 0.0684085   0.04376553 -0.0254356   0.01700178]
 [ 0.0578314   0.06328942  0.01700178 -0.05005117]]
sig1
[[-2.5709822  -0.82261097 -0.38794532  0.01461558]
 [-0.82261097  0.11634715 -0.1589019  -0.11477591]
 [-0.38794532 -0.1589019  -0.02574466 -0.01422052]
 [ 0.01461558 -0.11477591 -0.01422052  0.08277744]]
sig2
[[ 0.95440316  0.3404023   0.31967825 -0.06576777]
 [ 0.3404023   0.03362422  0.11886352  0.01279616]
 [ 0.31967825  0.11886352  0.07747884 -0.01355649]
 [-0.06576777  0.01279616 -0.01355649 -0.00642391]]
Iter  7 ==============
E = -1.7570722925
dE = -0.0591720750776
|res| = 0.0904403724158
Cnew
[[ 0.89310225  0.29790579  0.04937122  0.03936806]
 [ 0.29790579 -0.06746562  0.03027243  0.05970006]
 [ 0.04937122  0.03027243 -0.02787598  0.01617541]
 [ 0.03936806  0.05970006  0.01617541 -0.04566108]]
sig1
[[-2.66902915 -0.71708358 -0.36428189  0.03236564]
 [-0.71708358  0.17178184 -0.12762228 -0.11977127]
 [-0.36428189 -0.12762228 -0.01198435 -0.01275797]
 [ 0.03236564 -0.11977127 -0.01275797  0.07696345]]
sig2
[[ 0.98023129  0.29797953  0.3104568  -0.06822003]
 [ 0.29797953  0.01439786  0.09824982  0.01622151]
 [ 0.3104568   0.09824982  0.06655593 -0.01249532]
 [-0.06822003  0.01622151 -0.01249532 -0.00263909]]
Iter  8 ==============
E = -1.79854892549
dE = -0.0414766329886
|res| = 0.0754062215571
Cnew
[[ 0.91997348  0.2554824   0.03677054  0.026803  ]
 [ 0.2554824  -0.090378    0.02125245  0.05816859]
 [ 0.03677054  0.02125245 -0.02937742  0.01476173]
 [ 0.026803    0.05816859  0.01476173 -0.04275278]]
sig1
[[-2.74040326 -0.61603986 -0.34935049  0.04026116]
 [-0.61603986  0.2140426  -0.10302981 -0.12514372]
 [-0.34935049 -0.10302981 -0.00295536 -0.01110063]
 [ 0.04026116 -0.12514372 -0.01110063  0.07373595]]
sig2
[[  9.99292291e-01   2.56820182e-01   3.04873734e-01  -6.55639398e-02]
 [  2.56820182e-01  -6.25245320e-04   8.12095827e-02   1.98583517e-02]
 [  3.04873734e-01   8.12095827e-02   5.94382026e-02  -1.12444122e-02]
 [ -6.55639398e-02   1.98583517e-02  -1.12444122e-02  -6.80816100e-04]]
Iter  9 ==============
E = -1.82785841391
dE = -0.0293094884271
|res| = 0.0631698499682
Cnew
[[ 0.9391527   0.2169413   0.02867388  0.01838923]
 [ 0.2169413  -0.10721577  0.01520126  0.05768634]
 [ 0.02867388  0.01520126 -0.03030189  0.01309576]
 [ 0.01838923  0.05768634  0.01309576 -0.04087105]]
sig1
[[-2.7919149  -0.52381579 -0.34037534  0.0420401 ]
 [-0.52381579  0.24557329 -0.08360062 -0.13002705]
 [-0.34037534 -0.08360062  0.00281837 -0.00948629]
 [ 0.0420401  -0.13002705 -0.00948629  0.07202272]]
sig2
[[  1.01330625e+00   2.18909579e-01   3.01770059e-01  -6.01289857e-02]
 [  2.18909579e-01  -1.20300264e-02   6.71430997e-02   2.31042527e-02]
 [  3.01770059e-01   6.71430997e-02   5.49384563e-02  -9.91731287e-03]
 [ -6.01289857e-02   2.31042527e-02  -9.91731287e-03   2.75906888e-04]]
Iter  10 ==============
E = -1.84864692493
dE = -0.0207885110155
|res| = 0.0529937672784
Cnew
[[ 0.95271658  0.18293467  0.02358484  0.01278747]
 [ 0.18293467 -0.11945375  0.01109805  0.05770406]
 [ 0.02358484  0.01109805 -0.03086916  0.01139271]
 [ 0.01278747  0.05770406  0.01139271 -0.03967185]]
sig1
[[-2.82874874 -0.44216222 -0.33521689  0.04033557]
 [-0.44216222  0.26876183 -0.06814189 -0.13411993]
 [-0.33521689 -0.06814189  0.0064378  -0.00801893]
 [ 0.04033557 -0.13411993 -0.00801893  0.07117059]]
sig2
[[  1.02352036e+00   1.85126428e-01   3.00210260e-01  -5.34858685e-02]
 [  1.85126428e-01  -2.05302218e-02   5.55326561e-02   2.57791187e-02]
 [  3.00210260e-01   5.55326561e-02   5.21605458e-02  -8.60917551e-03]
 [ -5.34858685e-02   2.57791187e-02  -8.60917551e-03   6.95662650e-04]]
Iter  11 ==============
E = -1.86337440483
dE = -0.0147274799004
|res| = 0.0444244294686
Cnew
[[ 0.96223097  0.15350314  0.02044222  0.00904954]
 [ 0.15350314 -0.12828328  0.00827133  0.05793209]
 [ 0.02044222  0.00827133 -0.03121469  0.0097763 ]
 [ 0.00904954  0.05793209  0.0097763  -0.038915  ]]
sig1
[[-2.85485661 -0.37131428 -0.33239375  0.0368656 ]
 [-0.37131428  0.28565077 -0.05575241 -0.13739431]
 [-0.33239375 -0.05575241  0.00866959 -0.00673304]
 [ 0.0368656  -0.13739431 -0.00673304  0.07079267]]
sig2
[[  1.03088939e+00   1.55677371e-01   2.99544785e-01  -4.66049698e-02]
 [  1.55677371e-01  -2.67904205e-02   4.59469557e-02   2.78890948e-02]
 [  2.99544785e-01   4.59469557e-02   5.04799367e-02  -7.38385715e-03]
 [ -4.66049698e-02   2.78890948e-02  -7.38385715e-03   8.36455353e-04]]
Iter  12 ==============
E = -1.87376612
dE = -0.0103917151761
|res| = 0.0371781138043
Cnew
[[ 0.96885916  0.12836298  0.01853122  0.00653357]
 [ 0.12836298 -0.13462347  0.00628593  0.05822384]
 [ 0.01853122  0.00628593 -0.03142282  0.00830851]
 [ 0.00653357  0.05822384  0.00830851 -0.03844008]]
sig1
[[-2.87322105 -0.31068308 -0.33094473  0.03268533]
 [-0.31068308  0.29787252 -0.04575657 -0.13993818]
 [-0.33094473 -0.04575657  0.01002535 -0.00562943]
 [ 0.03268533 -0.13993818 -0.00562943  0.07066515]]
sig2
[[  1.03615412e+00   1.30390055e-01   2.99361134e-01  -4.00348649e-02]
 [  1.30390055e-01  -3.13652600e-02   3.80299334e-02   2.95102129e-02]
 [  2.99361134e-01   3.80299334e-02   4.94823162e-02  -6.27614695e-03]
 [ -4.00348649e-02   2.95102129e-02  -6.27614695e-03   8.39935625e-04]]
Iter  13 ==============
E = -1.88106237485
dE = -0.00729625484215
|res| = 0.0310553498958
Cnew
[[ 0.97345133  0.10708108  0.01738618  0.00481642]
 [ 0.10708108 -0.13916305  0.00486134  0.05850986]
 [ 0.01738618  0.00486134 -0.03154624  0.00701281]
 [ 0.00481642  0.05850986  0.00701281 -0.03814294]]
sig1
[[-2.88605785 -0.25928596 -0.33027366  0.02840514]
 [-0.25928596  0.30668018 -0.03764561 -0.14187626]
 [-0.33027366 -0.03764561  0.01083681 -0.00469401]
 [ 0.02840514 -0.14187626 -0.00469401  0.07066166]]
sig2
[[  1.03988344e+00   1.08901405e-01   2.99413834e-01  -3.40497520e-02]
 [  1.08901405e-01  -3.46918232e-02   3.14882431e-02   3.07349442e-02]
 [  2.99413834e-01   3.14882431e-02   4.89017665e-02  -5.29934415e-03]
 [ -3.40497520e-02   3.07349442e-02  -5.29934415e-03   7.82526689e-04]]
Iter  14 ==============
E = -1.88616115675
dE = -0.00509878190078
|res| = 0.0258967728068
Cnew
[[ 0.97661931  0.08917705  0.01671072  0.00362333]
 [ 0.08917705 -0.14240841  0.00381649  0.05876121]
 [ 0.01671072  0.00381649 -0.03161785  0.00589034]
 [ 0.00362333  0.05876121  0.00589034 -0.03795713]]
sig1
[[-2.89498608 -0.21600258 -0.3300237   0.02435244]
 [-0.21600258  0.31301135 -0.03103269 -0.14333291]
 [-0.3300237  -0.03103269  0.01131466 -0.0039072 ]
 [ 0.02435244 -0.14333291 -0.0039072   0.07071294]]
sig2
[[  1.04250632e+00   9.07726716e-02   2.99565032e-01  -2.87561183e-02]
 [  9.07726716e-02  -3.71031514e-02   2.60803897e-02   3.16498856e-02]
 [  2.99565032e-01   2.60803897e-02   4.85716261e-02  -4.45293193e-03]
 [ -2.87561183e-02   3.16498856e-02  -4.45293193e-03   7.04237434e-04]]
Iter  15 ==============
E = -1.88971013248
dE = -0.00354897573172
|res| = 0.0215649755096
Cnew
[[ 0.97879765  0.07417946  0.01631943  0.00277715]
 [ 0.07417946 -0.1447271   0.00303378  0.05896945]
 [ 0.01631943  0.00303378 -0.03165815  0.0049303 ]
 [ 0.00277715  0.05896945  0.0049303  -0.03784078]]
sig1
[[-2.90117159 -0.17971841 -0.32998804  0.02068235]
 [-0.17971841  0.31755589 -0.02562023 -0.14441715]
 [-0.32998804 -0.02562023  0.01159065 -0.00324859]
 [ 0.02068235 -0.14441715 -0.00324859  0.07078254]]
sig2
[[  1.04434017e+00   7.55556148e-02   2.99742130e-01  -2.41641374e-02]
 [  7.55556148e-02  -3.88477687e-02   2.16076643e-02   3.23281343e-02]
 [  2.99742130e-01   2.16076643e-02   4.83893480e-02  -3.72854278e-03]
 [ -2.41641374e-02   3.23281343e-02  -3.72854278e-03   6.24930078e-04]]
Iter  16 ==============
E = -1.89217262756
dE = -0.00246249508278
|res| = 0.0179384394353
Cnew
[[ 0.98029174  0.06165385  0.01609788  0.00216374]
 [ 0.06165385 -0.14638376  0.00243596  0.0591358 ]
 [ 0.01609788  0.00243596 -0.03167979  0.00411646]
 [ 0.00216374  0.0591358   0.00411646 -0.03776769]]
sig1
[[ -2.90544387e+00  -1.49398111e-01  -3.30050864e-01   1.74495580e-02]
 [ -1.49398111e-01   3.20815837e-01  -2.11765785e-02  -1.45218503e-01]
 [ -3.30050864e-01  -2.11765785e-02   1.17461075e-02  -2.69899471e-03]
 [  1.74495580e-02  -1.45218503e-01  -2.69899471e-03   7.08524658e-02]]
sig2
[[  1.04561616e+00   6.28275611e-02   2.99910196e-01  -2.02329061e-02]
 [  6.28275611e-02  -4.01086921e-02   1.79066036e-02   3.28281795e-02]
 [  2.99910196e-01   1.79066036e-02   4.82928079e-02  -3.11402599e-03]
 [ -2.02329061e-02   3.28281795e-02  -3.11402599e-03   5.53512515e-04]]
Iter  17 ==============
E = -1.8938772115
dE = -0.00170458393994
|res| = 0.0149098422088
Cnew
[[ 0.98131455  0.05121431  0.01597629  0.00170931]
 [ 0.05121431 -0.14756792  0.00197151  0.05926549]
 [ 0.01597629  0.00197151 -0.03169053  0.00343082]
 [ 0.00170931  0.05926549  0.00343082 -0.03772155]]
sig1
[[ -2.90838760e+00  -1.24117263e-01  -3.30149991e-01   1.46531027e-02]
 [ -1.24117263e-01   3.23153945e-01  -1.75194278e-02  -1.45807649e-01]
 [ -3.30149991e-01  -1.75194278e-02   1.18306424e-02  -2.24128764e-03]
 [  1.46531027e-02  -1.45807649e-01  -2.24128764e-03   7.09148065e-02]]
sig2
[[  1.04650040e+00   5.22075735e-02   3.00055001e-01  -1.68978321e-02]
 [  5.22075735e-02  -4.10195680e-02   1.48427213e-02   3.31953850e-02]
 [  3.00055001e-01   1.48427213e-02   4.82449101e-02  -2.59598358e-03]
 [ -1.68978321e-02   3.31953850e-02  -2.59598358e-03   4.93114434e-04]]
Iter  18 ==============
E = -1.89505511015
dE = -0.00117789864969
|res| = 0.0123854084018
Cnew
[[ 0.98201367  0.04252581  0.01591256  0.00136569]
 [ 0.04252581 -0.14841491  0.00160545  0.05936487]
 [ 0.01591256  0.00160545 -0.0316951   0.00285572]
 [ 0.00136569  0.05936487  0.00285572 -0.03769224]]
sig1
[[ -2.91041200e+00  -1.03070544e-01  -3.30253976e-01   1.22635717e-02]
 [ -1.03070544e-01   3.24831194e-01  -1.45038407e-02  -1.46239053e-01]
 [ -3.30253976e-01  -1.45038407e-02   1.18742046e-02  -1.86060109e-03]
 [  1.22635717e-02  -1.46239053e-01  -1.86060109e-03   7.09669337e-02]]
sig2
[[  1.04711109e+00   4.33617260e-02   3.00173037e-01  -1.40864831e-02]
 [  4.33617260e-02  -4.16774748e-02   1.23053192e-02   3.34642520e-02]
 [  3.00173037e-01   1.23053192e-02   4.82238316e-02  -2.16122861e-03]
 [ -1.40864831e-02   3.34642520e-02  -2.16122861e-03   4.43973567e-04]]
Iter  19 ==============
E = -1.89586804882
dE = -0.000812938665264
|res| = 0.0102841792097
Cnew
[[ 0.98249094  0.03530175  0.01588162  0.00110103]
 [ 0.03530175 -0.14902123  0.00131352  0.05944006]
 [ 0.01588162  0.00131352 -0.03169629  0.00237483]
 [ 0.00110103  0.05944006  0.00237483 -0.03767346]]
sig1
[[ -2.91180198e+00  -8.55674316e-02  -3.30348471e-01   1.02389833e-02]
 [ -8.55674316e-02   3.26034836e-01  -1.20136090e-02  -1.46553981e-01]
 [ -3.30348471e-01  -1.20136090e-02   1.18946515e-02  -1.54424528e-03]
 [  1.02389833e-02  -1.46553981e-01  -1.54424528e-03   7.10088279e-02]]
sig2
[[  1.04753159e+00   3.60024763e-02   3.00265873e-01  -1.17272687e-02]
 [  3.60024763e-02  -4.21527002e-02   1.02032121e-02   3.36606830e-02]
 [  3.00265873e-01   1.02032121e-02   4.82169501e-02  -1.79754416e-03]
 [ -1.17272687e-02   3.36606830e-02  -1.79754416e-03   4.05016021e-04]]
Iter  20 ==============
E = -1.8964286157
dE = -0.000560566884349
|res| = 0.00853698933717
Cnew
[[  9.82816420e-01   2.92993985e-02   1.58686943e-02   8.93934806e-04]
 [  2.92993985e-02  -1.49455639e-01   1.07850006e-03   5.94964012e-02]
 [  1.58686943e-02   1.07850006e-03  -3.16957743e-02   1.97360550e-03]
 [  8.93934806e-04   5.94964012e-02   1.97360550e-03  -3.76613220e-02]]
sig1
[[ -2.91275507e+00  -7.10220357e-02  -3.30428247e-01   8.53377256e-03]
 [ -7.10220357e-02   3.26899040e-01  -9.95488404e-03  -1.46783334e-01]
 [ -3.30428247e-01  -9.95488404e-03   1.19024861e-02  -1.28149759e-03]
 [  8.53377256e-03  -1.46783334e-01  -1.28149759e-03   7.10416123e-02]]
sig2
[[  1.04782037e+00   2.98851247e-02   3.00337101e-01  -9.75381315e-03]
 [  2.98851247e-02  -4.24960385e-02   8.46122254e-03   3.38039520e-02]
 [  3.00337101e-01   8.46122254e-03   4.82171155e-02  -1.49401492e-03]
 [ -9.75381315e-03   3.38039520e-02  -1.49401492e-03   3.74695462e-04]]
Iter  21 ==============
E = -1.89681492286
dE = -0.000386307155986
|res| = 0.00708523538552
Cnew
[[  9.83038169e-01   2.43144776e-02   1.58652480e-02   7.29740213e-04]
 [  2.43144776e-02  -1.49767162e-01   8.87905191e-04   5.95383064e-02]
 [  1.58652480e-02   8.87905191e-04  -3.16944899e-02   1.63938634e-03]
 [  7.29740213e-04   5.95383064e-02   1.63938634e-03  -3.76533865e-02]]
sig1
[[ -2.91340780e+00  -5.89407483e-02  -3.30492663e-01   7.10360210e-03]
 [ -5.89407483e-02   3.27519882e-01  -8.25142499e-03  -1.46950055e-01]
 [ -3.30492663e-01  -8.25142499e-03   1.19037811e-02  -1.06335537e-03]
 [  7.10360210e-03  -1.46950055e-01  -1.06335537e-03   7.10667858e-02]]
sig2
[[  1.04801821e+00   2.48030759e-02   3.00390770e-01  -8.10682316e-03]
 [  2.48030759e-02  -4.27441597e-02   7.01731385e-03   3.39083111e-02]
 [  3.00390770e-01   7.01731385e-03   4.82203891e-02  -1.24111183e-03]
 [ -8.10682316e-03   3.39083111e-02  -1.24111183e-03   3.51416274e-04]]
Iter  22 ==============
E = -1.89708102986
dE = -0.000266106999282
|res| = 0.00587956985657
Cnew
[[  9.83189113e-01   2.01758733e-02   1.58664345e-02   5.98164603e-04]
 [  2.01758733e-02  -1.49990756e-01   7.32454366e-04   5.95692927e-02]
 [  1.58664345e-02   7.32454366e-04  -3.16929600e-02   1.36129619e-03]
 [  5.98164603e-04   5.95692927e-02   1.36129619e-03  -3.76481370e-02]]
sig1
[[ -2.91385436e+00  -4.89096999e-02  -3.30543159e-01   5.90771895e-03]
 [ -4.89096999e-02   3.27966157e-01  -6.84100019e-03  -1.47071071e-01]
 [ -3.30543159e-01  -6.84100019e-03   1.19019687e-02  -8.82291093e-04]
 [  5.90771895e-03  -1.47071071e-01  -8.82291093e-04   7.10858461e-02]]
sig2
[[  1.04815344e+00   2.05828445e-02   3.00430661e-01  -6.73455456e-03]
 [  2.05828445e-02  -4.29235257e-02   5.82024802e-03   3.39842507e-02]
 [  3.00430661e-01   5.82024802e-03   4.82246862e-02  -1.03064298e-03]
 [ -6.73455456e-03   3.39842507e-02  -1.03064298e-03   3.33727581e-04]]
Iter  23 ==============
E = -1.89726428496
dE = -0.000183255100968
|res| = 0.00487862638025
Cnew
[[  9.83291770e-01   1.67406721e-02   1.58695863e-02   4.91837511e-04]
 [  1.67406721e-02  -1.50151373e-01   6.05117622e-04   5.95920985e-02]
 [  1.58695863e-02   6.05117622e-04  -3.16914555e-02   1.13009756e-03]
 [  4.91837511e-04   5.95920985e-02   1.13009756e-03  -3.76446199e-02]]
sig1
[[ -2.91415955e+00  -4.05830160e-02  -3.30581924e-01   4.90990567e-03]
 [ -4.05830160e-02   3.28287139e-01  -5.67262096e-03  -1.47158811e-01]
 [ -3.30581924e-01  -5.67262096e-03   1.18989280e-02  -7.32027334e-04]
 [  4.90990567e-03  -1.47158811e-01  -7.32027334e-04   7.11001244e-02]]
sig2
[[  1.04824568e+00   1.70792875e-02   3.00459999e-01  -5.59253892e-03]
 [  1.70792875e-02  -4.30532303e-02   4.82767192e-03   3.40394662e-02]
 [  3.00459999e-01   4.82767192e-03   4.82289715e-02  -8.55639477e-04]
 [ -5.59253892e-03   3.40394662e-02  -8.55639477e-04   3.20394880e-04]]
Iter  24 ==============
E = -1.89739045968
dE = -0.000126174718411
|res| = 0.00404784044206
Cnew
[[  9.83361525e-01   1.38897644e-02   1.58732955e-02   4.05351351e-04]
 [  1.38897644e-02  -1.50266842e-01   5.00469233e-04   5.96088207e-02]
 [  1.58732955e-02   5.00469233e-04  -3.16901032e-02   9.37996498e-04]
 [  4.05351351e-04   5.96088207e-02   9.37996498e-04  -3.76422326e-02]]
sig1
[[ -2.91436792e+00  -3.36722969e-02  -3.30611227e-01   4.07865629e-03]
 [ -3.36722969e-02   3.28518137e-01  -4.70438674e-03  -1.47222368e-01]
 [ -3.30611227e-01  -4.70438674e-03   1.18956395e-02  -6.07338351e-04]
 [  4.07865629e-03  -1.47222368e-01  -6.07338351e-04   7.11107322e-02]]
sig2
[[  1.04830845e+00   1.41712840e-02   3.00481394e-01  -4.64295561e-03]
 [  1.41712840e-02  -4.31470529e-02   4.00455203e-03   3.40795878e-02]
 [  3.00481394e-01   4.00455203e-03   4.82327873e-02  -7.10215769e-04]
 [ -4.64295561e-03   3.40795878e-02  -7.10215769e-04   3.10409533e-04]]
Iter  25 ==============
E = -1.89747732227
dE = -8.68625943233e-05
|res| = 0.00335839636491
Cnew
[[  9.83408880e-01   1.15240208e-02   1.58768694e-02   3.34651523e-04]
 [  1.15240208e-02  -1.50349915e-01   4.14255932e-04   5.96210452e-02]
 [  1.58768694e-02   4.14255932e-04  -3.16889494e-02   7.78448853e-04]
 [  3.34651523e-04   5.96210452e-02   7.78448853e-04  -3.76405912e-02]]
sig1
[[ -2.91451005e+00  -2.79374406e-02  -3.30633120e-01   3.38694893e-03]
 [ -2.79374406e-02   3.28684469e-01  -3.90178622e-03  -1.47268374e-01]
 [ -3.30633120e-01  -3.90178622e-03   1.18925741e-02  -5.03878887e-04]
 [  3.38694893e-03  -1.47268374e-01  -5.03878887e-04   7.11185617e-02]]
sig2
[[  1.04835107e+00   1.17579380e-02   3.00496892e-01  -3.85386809e-03]
 [  1.17579380e-02  -4.32149406e-02   3.32189211e-03   3.41087273e-02]
 [  3.00496892e-01   3.32189211e-03   4.82359818e-02  -5.89426494e-04]
 [ -3.85386809e-03   3.41087273e-02  -5.89426494e-04   3.02969465e-04]]
Iter  26 ==============
E = -1.89753711609
dE = -5.97938191691e-05
|res| = 0.00278630902222
Cnew
[[  9.83440997e-01   9.56102194e-03   1.58800101e-02   2.76637551e-04]
 [  9.56102194e-03  -1.50409722e-01   3.43100415e-04   5.96299598e-02]
 [  1.58800101e-02   3.43100415e-04  -3.16879975e-02   6.45978600e-04]
 [  2.76637551e-04   5.96299598e-02   6.45978600e-04  -3.76394485e-02]]
sig1
[[ -2.91460689e+00  -2.31787685e-02  -3.30649328e-01   2.81183044e-03]
 [ -2.31787685e-02   3.28804300e-01  -3.23634409e-03  -1.47301659e-01]
 [ -3.30649328e-01  -3.23634409e-03   1.18899234e-02  -4.18038572e-04]
 [  2.81183044e-03  -1.47301659e-01  -4.18038572e-04   7.11243104e-02]]
sig2
[[  1.04837996e+00   9.75530469e-03   3.00508057e-01  -3.19844380e-03]
 [  9.75530469e-03  -4.32640764e-02   2.75568087e-03   3.41298823e-02]
 [  3.00508057e-01   2.75568087e-03   4.82385550e-02  -4.89131249e-04]
 [ -3.19844380e-03   3.41298823e-02  -4.89131249e-04   2.97448967e-04]]
Iter  27 ==============
E = -1.89757827421
dE = -4.1158125516e-05
|res| = 0.00231163576059
Cnew
[[  9.83462757e-01   7.93228766e-03   1.58826283e-02   2.28897745e-04]
 [  7.93228766e-03  -1.50452806e-01   2.84293072e-04   5.96364476e-02]
 [  1.58826283e-02   2.84293072e-04  -3.16872305e-02   5.36014604e-04]
 [  2.28897745e-04   5.96364476e-02   5.36014604e-04  -3.76386438e-02]]
sig1
[[ -2.91467282e+00  -1.92303433e-02  -3.30661243e-01   2.33393433e-03]
 [ -1.92303433e-02   3.28890673e-01  -2.68453360e-03  -1.47325730e-01]
 [ -3.30661243e-01  -2.68453360e-03   1.18877320e-02  -3.46819158e-04]
 [  2.33393433e-03  -1.47325730e-01  -3.46819158e-04   7.11285136e-02]]
sig2
[[  1.04839949e+00   8.09360244e-03   3.00516064e-01  -2.65421851e-03]
 [  8.09360244e-03  -4.32996494e-02   2.28602699e-03   3.41452359e-02]
 [  3.00516064e-01   2.28602699e-03   4.82405744e-02  -4.05872446e-04]
 [ -2.65421851e-03   3.41452359e-02  -4.05872446e-04   2.93366773e-04]]
Iter  28 ==============
E = -1.89760660374
dE = -2.83295205925e-05
|res| = 0.00191780739519
Cnew
[[  9.83477483e-01   6.58094631e-03   1.58847382e-02   1.89529150e-04]
 [  6.58094631e-03  -1.50483860e-01   2.35642214e-04   5.96411617e-02]
 [  1.58847382e-02   2.35642214e-04  -3.16866230e-02   4.44747688e-04]
 [  1.89529150e-04   5.96411617e-02   4.44747688e-04  -3.76380712e-02]]
sig1
[[ -2.91471765e+00  -1.59543382e-02  -3.30669950e-01   1.93699749e-03]
 [ -1.59543382e-02   3.28952959e-01  -2.22689673e-03  -1.47343132e-01]
 [ -3.30669950e-01  -2.22689673e-03   1.18859734e-02  -2.87731574e-04]
 [  1.93699749e-03  -1.47343132e-01  -2.87731574e-04   7.11315764e-02]]
sig2
[[  1.04841266e+00   6.71485769e-03   3.00521784e-01  -2.20243285e-03]
 [  6.71485769e-03  -4.33254095e-02   1.89644678e-03   3.41563763e-02]
 [  3.00521784e-01   1.89644678e-03   4.82421297e-02  -3.36767994e-04]
 [ -2.20243285e-03   3.41563763e-02  -3.36767994e-04   2.90356664e-04]]
Iter  29 ==============
E = -1.89762610276
dE = -1.94990247033e-05
|res| = 0.00159106449152
Cnew
[[  9.83487436e-01   5.45978197e-03   1.58863994e-02   1.57012643e-04]
 [  5.45978197e-03  -1.50506256e-01   1.95363869e-04   5.96445823e-02]
 [  1.58863994e-02   1.95363869e-04  -3.16861481e-02   3.69007548e-04]
 [  1.57012643e-04   5.96445823e-02   3.69007548e-04  -3.76376601e-02]]
sig1
[[ -2.91474810e+00  -1.32363155e-02  -3.30676284e-01   1.60740889e-03]
 [ -1.32363155e-02   3.28997893e-01  -1.84732800e-03  -1.47355710e-01]
 [ -3.30676284e-01  -1.84732800e-03   1.18845912e-02  -2.38709922e-04]
 [  1.60740889e-03  -1.47355710e-01  -2.38709922e-04   7.11338021e-02]]
sig2
[[  1.04842152e+00   5.57092703e-03   3.00525859e-01  -1.82744971e-03]
 [  5.57092703e-03  -4.33440678e-02   1.57327697e-03   3.41644581e-02]
 [  3.00525859e-01   1.57327697e-03   4.82433113e-02  -2.79418667e-04]
 [ -1.82744971e-03   3.41644581e-02  -2.79418667e-04   2.88142290e-04]]
Iter  30 ==============
E = -1.89763952362
dE = -1.34208592464e-05
|res| = 0.00131998476577
Cnew
[[  9.83494155e-01   4.52960380e-03   1.58876853e-02   1.30124235e-04]
 [  4.52960380e-03  -1.50522416e-01   1.61998926e-04   5.96470619e-02]
 [  1.58876853e-02   1.61998926e-04  -3.16857807e-02   3.06157946e-04]
 [  1.30124235e-04   5.96470619e-02   3.06157946e-04  -3.76373626e-02]]
sig1
[[ -2.91476876e+00  -1.09812816e-02  -3.30680875e-01   1.33380454e-03]
 [ -1.09812816e-02   3.29030323e-01  -1.53248906e-03  -1.47364801e-01]
 [ -3.30680875e-01  -1.53248906e-03   1.18835214e-02  -1.98039787e-04]
 [  1.33380454e-03  -1.47364801e-01  -1.98039787e-04   7.11354157e-02]]
sig2
[[  1.04842746e+00   4.62184210e-03   3.00528753e-01  -1.51625158e-03]
 [  4.62184210e-03  -4.33575850e-02   1.30518976e-03   3.41703202e-02]
 [  3.00528753e-01   1.30518976e-03   4.82441994e-02  -2.31829099e-04]
 [ -1.51625158e-03   3.41703202e-02  -2.31829099e-04   2.86516485e-04]]
Iter  31 ==============
E = -1.8976487609
dE = -9.23727682922e-06
|res| = 0.0010950882416
Cnew
[[  9.83498684e-01   3.75788706e-03   1.58886682e-02   1.07870594e-04]
 [  3.75788706e-03  -1.50534081e-01   1.34349615e-04   5.96488577e-02]
 [  1.58886682e-02   1.34349615e-04  -3.16854988e-02   2.54008146e-04]
 [  1.07870594e-04   5.96488577e-02   2.54008146e-04  -3.76371460e-02]]
sig1
[[ -2.91478276e+00  -9.11039631e-03  -3.30684192e-01   1.10671302e-03]
 [ -9.11039631e-03   3.29053737e-01  -1.27132842e-03  -1.47371369e-01]
 [ -3.30684192e-01  -1.27132842e-03   1.18827029e-02  -1.64298576e-04]
 [  1.10671302e-03  -1.47371369e-01  -1.64298576e-04   7.11365836e-02]]
sig2
[[  1.04843144e+00   3.83442814e-03   3.00530805e-01  -1.25801198e-03]
 [  3.83442814e-03  -4.33673794e-02   1.08279216e-03   3.41745719e-02]
 [  3.00530805e-01   1.08279216e-03   4.82448614e-02  -1.92340926e-04]
 [ -1.25801198e-03   3.41745719e-02  -1.92340926e-04   2.85324772e-04]]
Iter  32 ==============
E = -1.89765511867
dE = -6.35777814861e-06
|res| = 0.000908508142781
Cnew
[[  9.83501731e-01   3.11764207e-03   1.58894121e-02   8.94410969e-05]
 [  3.11764207e-03  -1.50542505e-01   1.11430010e-04   5.96501574e-02]
 [  1.58894121e-02   1.11430010e-04  -3.16852840e-02   2.10738467e-04]
 [  8.94410969e-05   5.96501574e-02   2.10738467e-04  -3.76369874e-02]]
sig1
[[ -2.91479223e+00  -7.55823408e-03  -3.30686582e-01   9.18250225e-04]
 [ -7.55823408e-03   3.29070648e-01  -1.05468634e-03  -1.47376116e-01]
 [ -3.30686582e-01  -1.05468634e-03   1.18820824e-02  -1.36305929e-04]
 [  9.18250225e-04  -1.47376116e-01  -1.36305929e-04   7.11374275e-02]]
sig2
[[  1.04843409e+00   3.18115327e-03   3.00532256e-01  -1.04373274e-03]
 [  3.18115327e-03  -4.33744775e-02   8.98294602e-04   3.41776552e-02]
 [  3.00532256e-01   8.98294602e-04   4.82453517e-02  -1.59576554e-04]
 [ -1.04373274e-03   3.41776552e-02  -1.59576554e-04   2.84452456e-04]]
Iter  33 ==============
E = -1.89765949456
dE = -4.37588141811e-06
|res| = 0.000753717012395
Cnew
[[  9.83503779e-01   2.58647393e-03   1.58899710e-02   7.41714319e-05]
 [  2.58647393e-03  -1.50548590e-01   9.24268950e-05   5.96510975e-02]
 [  1.58899710e-02   9.24268950e-05  -3.16851211e-02   1.74837936e-04]
 [  7.41714319e-05   5.96510975e-02   1.74837936e-04  -3.76368709e-02]]
sig1
[[ -2.91479863e+00  -6.27050597e-03  -3.30688302e-01   7.61859327e-04]
 [ -6.27050597e-03   3.29082866e-01  -8.74969133e-04  -1.47379546e-01]
 [ -3.30688302e-01  -8.74969133e-04   1.18816152e-02  -1.13082510e-04]
 [  7.61859327e-04  -1.47379546e-01  -1.13082510e-04   7.11380367e-02]]
sig2
[[  1.04843585e+00   2.63917093e-03   3.00533282e-01  -8.65938987e-04]
 [  2.63917093e-03  -4.33796224e-02   7.45236569e-04   3.41798912e-02]
 [  3.00533282e-01   7.45236569e-04   4.82457130e-02  -1.32392025e-04]
 [ -8.65938987e-04   3.41798912e-02  -1.32392025e-04   2.83814680e-04]]
Iter  34 ==============
E = -1.89766250635
dE = -3.01179286022e-06
|res| = 0.000625299034232
Cnew
[[  9.83505151e-01   2.14580123e-03   1.58903882e-02   6.15154651e-05]
 [  2.14580123e-03  -1.50552988e-01   7.66684922e-05   5.96517773e-02]
 [  1.58903882e-02   7.66684922e-05  -3.16849982e-02   1.45052223e-04]
 [  6.15154651e-05   5.96517773e-02   1.45052223e-04  -3.76367851e-02]]
sig1
[[ -2.91480295e+00  -5.20216662e-03  -3.30689537e-01   6.32090929e-04]
 [ -5.20216662e-03   3.29091695e-01  -7.25880271e-04  -1.47382025e-01]
 [ -3.30689537e-01  -7.25880271e-04   1.18812656e-02  -9.38157968e-05]
 [  6.32090929e-04  -1.47382025e-01  -9.38157968e-05   7.11384760e-02]]
sig2
[[  1.04843702e+00   2.18952389e-03   3.00534005e-01  -7.18423460e-04]
 [  2.18952389e-03  -4.33833520e-02   6.18259482e-04   3.41815126e-02]
 [  3.00534005e-01   6.18259482e-04   4.82459780e-02  -1.09837640e-04]
 [ -7.18423460e-04   3.41815126e-02  -1.09837640e-04   2.83348844e-04]]
Iter  35 ==============
E = -1.89766457928
dE = -2.07292889409e-06
|res| = 0.000518760897438
Cnew
[[  9.83506070e-01   1.78020717e-03   1.58906982e-02   5.10231509e-05]
 [  1.78020717e-03  -1.50556167e-01   6.35992370e-05   5.96522687e-02]
 [  1.58906982e-02   6.35992370e-05  -3.16849059e-02   1.20340227e-04]
 [  5.10231509e-05   5.96522687e-02   1.20340227e-04  -3.76367217e-02]]
sig1
[[ -2.91480586e+00  -4.31584191e-03  -3.30690422e-01   5.24418209e-04]
 [ -4.31584191e-03   3.29098078e-01  -6.02198071e-04  -1.47383816e-01]
 [ -3.30690422e-01  -6.02198071e-04   1.18810051e-02  -7.78316799e-05]
 [  5.24418209e-04  -1.47383816e-01  -7.78316799e-05   7.11387925e-02]]
sig2
[[  1.04843778e+00   1.81648293e-03   3.00534516e-01  -5.96032907e-04]
 [  1.81648293e-03  -4.33860561e-02   5.12918492e-04   3.41826884e-02]
 [  3.00534516e-01   5.12918492e-04   4.82461718e-02  -9.11251182e-05]
 [ -5.96032907e-04   3.41826884e-02  -9.11251182e-05   2.83008878e-04]]
Iter  36 ==============
E = -1.89766600601
dE = -1.4267361772e-06
|res| = 0.000430374753967
Cnew
[[  9.83506682e-01   1.47690098e-03   1.58909275e-02   4.23229721e-05]
 [  1.47690098e-03  -1.50558466e-01   5.27592905e-05   5.96526238e-02]
 [  1.58909275e-02   5.27592905e-05  -3.16848367e-02   9.98379377e-05]
 [  4.23229721e-05   5.96526238e-02   9.98379377e-05  -3.76366747e-02]]
sig1
[[ -2.91480781e+00  -3.58052339e-03  -3.30691056e-01   4.35082053e-04]
 [ -3.58052339e-03   3.29102693e-01  -4.99591782e-04  -1.47385110e-01]
 [ -3.30691056e-01  -4.99591782e-04   1.18808117e-02  -6.45708908e-05]
 [  4.35082053e-04  -1.47385110e-01  -6.45708908e-05   7.11390205e-02]]
sig2
[[  1.04843829e+00   1.50699765e-03   3.00534875e-01  -4.94489906e-04]
 [  1.50699765e-03  -4.33880168e-02   4.25526519e-04   3.41835410e-02]
 [  3.00534875e-01   4.25526519e-04   4.82463132e-02  -7.56002497e-05]
 [ -4.94489906e-04   3.41835410e-02  -7.56002497e-05   2.82760950e-04]]
Iter  37 ==============
E = -1.89766698799
dE = -9.8198086218e-07
|res| = 0.000357047864016
Cnew
[[  9.83507090e-01   1.22527071e-03   1.58910967e-02   3.51078364e-05]
 [  1.22527071e-03  -1.50560129e-01   4.37678125e-05   5.96528804e-02]
 [  1.58910967e-02   4.37678125e-05  -3.16847851e-02   8.28283802e-05]
 [  3.51078364e-05   5.96528804e-02   8.28283802e-05  -3.76366400e-02]]
sig1
[[ -2.91480912e+00  -2.97048459e-03  -3.30691511e-01   3.60961651e-04]
 [ -2.97048459e-03   3.29106031e-01  -4.14469296e-04  -1.47386046e-01]
 [ -3.30691511e-01  -4.14469296e-04   1.18806687e-02  -5.35694413e-05]
 [  3.60961651e-04  -1.47386046e-01  -5.35694413e-05   7.11391846e-02]]
sig2
[[  1.04843861e+00   1.25024049e-03   3.00535128e-01  -4.10244502e-04]
 [  1.25024049e-03  -4.33894387e-02   3.53024974e-04   3.41841592e-02]
 [  3.00535128e-01   3.53024974e-04   4.82464160e-02  -6.27201450e-05]
 [ -4.10244502e-04   3.41841592e-02  -6.27201450e-05   2.82580252e-04]]
Iter  38 ==============
E = -1.89766766386
dE = -6.75868971678e-07
|res| = 0.00029621441611
Cnew
[[  9.83507361e-01   1.01651225e-03   1.58912211e-02   2.91236587e-05]
 [  1.01651225e-03  -1.50561332e-01   3.63092464e-05   5.96530657e-02]
 [  1.58912211e-02   3.63092464e-05  -3.16847466e-02   6.87166303e-05]
 [  2.91236587e-05   5.96530657e-02   6.87166303e-05  -3.76366143e-02]]
sig1
[[ -2.91481000e+00  -2.46438158e-03  -3.30691835e-01   2.99466600e-04]
 [ -2.46438158e-03   3.29108446e-01  -3.43850999e-04  -1.47386722e-01]
 [ -3.30691835e-01  -3.43850999e-04   1.18805631e-02  -4.44423930e-05]
 [  2.99466600e-04  -1.47386722e-01  -4.44423930e-05   7.11393028e-02]]
sig2
[[  1.04843882e+00   1.03722829e-03   3.00535305e-01  -3.40350784e-04]
 [  1.03722829e-03  -4.33904699e-02   2.92876564e-04   3.41846076e-02]
 [  3.00535305e-01   2.92876564e-04   4.82464906e-02  -5.20343254e-05]
 [ -3.40350784e-04   3.41846076e-02  -5.20343254e-05   2.82448622e-04]]
Iter  39 ==============
E = -1.89766812904
dE = -4.65181192899e-07
|res| = 0.0002457457615
Cnew
[[  9.83507540e-01   8.43321375e-04   1.58913125e-02   2.41600619e-05]
 [  8.43321375e-04  -1.50562202e-01   3.01220413e-05   5.96531997e-02]
 [  1.58913125e-02   3.01220413e-05  -3.16847180e-02   5.70090626e-05]
 [  2.41600619e-05   5.96531997e-02   5.70090626e-05  -3.76365952e-02]]
sig1
[[ -2.91481059e+00  -2.04450654e-03  -3.30692068e-01   2.48447047e-04]
 [ -2.04450654e-03   3.29110193e-01  -2.85265234e-04  -1.47387212e-01]
 [ -3.30692068e-01  -2.85265234e-04   1.18804854e-02  -3.68703912e-05]
 [  2.48447047e-04  -1.47387212e-01  -3.68703912e-05   7.11393877e-02]]
sig2
[[  1.04843896e+00   8.60508191e-04   3.00535431e-01  -2.82364279e-04]
 [  8.60508191e-04  -4.33912178e-02   2.42976405e-04   3.41849327e-02]
 [  3.00535431e-01   2.42976405e-04   4.82465447e-02  -4.31690122e-05]
 [ -2.82364279e-04   3.41849327e-02  -4.31690122e-05   2.82352777e-04]]
Iter  40 ==============
E = -1.89766844922
dE = -3.20170963963e-07
|res| = 0.00020387593462
Cnew
[[  9.83507658e-01   6.99638251e-04   1.58913794e-02   2.00427665e-05]
 [  6.99638251e-04  -1.50562832e-01   2.49893560e-05   5.96532964e-02]
 [  1.58913794e-02   2.49893560e-05  -3.16846968e-02   4.72961160e-05]
 [  2.00427665e-05   5.96532964e-02   4.72961160e-05  -3.76365810e-02]]
sig1
[[ -2.91481098e+00  -1.69616848e-03  -3.30692234e-01   2.06118946e-04]
 [ -1.69616848e-03   3.29111458e-01  -2.36661637e-04  -1.47387565e-01]
 [ -3.30692234e-01  -2.36661637e-04   1.18804283e-02  -3.05884908e-05]
 [  2.06118946e-04  -1.47387565e-01  -3.05884908e-05   7.11394489e-02]]
sig2
[[  1.04843905e+00   7.13897018e-04   3.00535518e-01  -2.34256705e-04]
 [  7.13897018e-04  -4.33917604e-02   2.01578310e-04   3.41851685e-02]
 [  3.00535518e-01   2.01578310e-04   4.82465839e-02  -3.58140792e-05]
 [ -2.34256705e-04   3.41851685e-02  -3.58140792e-05   2.82283016e-04]]
Iter  41 ==============
E = -1.89766866958
dE = -2.20364625436e-07
|res| = 0.000169139859774
Cnew
[[  9.83507735e-01   5.80435473e-04   1.58914283e-02   1.66273410e-05]
 [  5.80435473e-04  -1.50563288e-01   2.07313841e-05   5.96533663e-02]
 [  1.58914283e-02   2.07313841e-05  -3.16846811e-02   3.92379866e-05]
 [  1.66273410e-05   5.96533663e-02   3.92379866e-05  -3.76365706e-02]]
sig1
[[ -2.91481124e+00  -1.40717924e-03  -3.30692352e-01   1.71001917e-04]
 [ -1.40717924e-03   3.29112373e-01  -1.96339294e-04  -1.47387821e-01]
 [ -3.30692352e-01  -1.96339294e-04   1.18803864e-02  -2.53768874e-05]
 [  1.71001917e-04  -1.47387821e-01  -2.53768874e-05   7.11394929e-02]]
sig2
[[  1.04843910e+00   5.92264986e-04   3.00535580e-01  -1.94345183e-04]
 [  5.92264986e-04  -4.33921539e-02   1.67233646e-04   3.41853395e-02]
 [  3.00535580e-01   1.67233646e-04   4.82466123e-02  -2.97122199e-05]
 [ -1.94345183e-04   3.41853395e-02  -2.97122199e-05   2.82232255e-04]]
Iter  42 ==============
E = -1.89766882125
dE = -1.51670786375e-07
|res| = 0.000140322084808
Cnew
[[  9.83507785e-01   4.81542165e-04   1.58914640e-02   1.37940561e-05]
 [  4.81542165e-04  -1.50563619e-01   1.71990088e-05   5.96534168e-02]
 [  1.58914640e-02   1.71990088e-05  -3.16846695e-02   3.25527515e-05]
 [  1.37940561e-05   5.96534168e-02   3.25527515e-05  -3.76365628e-02]]
sig1
[[ -2.91481141e+00  -1.16742723e-03  -3.30692437e-01   1.41867628e-04]
 [ -1.16742723e-03   3.29113036e-01  -1.62887155e-04  -1.47388006e-01]
 [ -3.30692437e-01  -1.62887155e-04   1.18803557e-02  -2.10532262e-05]
 [  1.41867628e-04  -1.47388006e-01  -2.10532262e-05   7.11395245e-02]]
sig2
[[  1.04843913e+00   4.91356266e-04   3.00535624e-01  -1.61233449e-04]
 [  4.91356266e-04  -4.33924394e-02   1.38740622e-04   3.41854635e-02]
 [  3.00535624e-01   1.38740622e-04   4.82466328e-02  -2.46499557e-05]
 [ -1.61233449e-04   3.41854635e-02  -2.46499557e-05   2.82195331e-04]]
Iter  43 ==============
E = -1.89766892564
dE = -1.04390772471e-07
|res| = 0.000116414249189
Cnew
[[  9.83507818e-01   3.99498063e-04   1.58914901e-02   1.14436387e-05]
 [  3.99498063e-04  -1.50563858e-01   1.42685526e-05   5.96534533e-02]
 [  1.58914901e-02   1.42685526e-05  -3.16846609e-02   2.70065128e-05]
 [  1.14436387e-05   5.96534533e-02   2.70065128e-05  -3.76365571e-02]]
sig1
[[ -2.91481152e+00  -9.68523571e-04  -3.30692498e-01   1.17696920e-04]
 [ -9.68523571e-04   3.29113516e-01  -1.35134623e-04  -1.47388140e-01]
 [ -3.30692498e-01  -1.35134623e-04   1.18803332e-02  -1.74662214e-05]
 [  1.17696920e-04  -1.47388140e-01  -1.74662214e-05   7.11395473e-02]]
sig2
[[  1.04843915e+00   4.07640104e-04   3.00535654e-01  -1.33763070e-04]
 [  4.07640104e-04  -4.33926466e-02   1.15102220e-04   3.41855534e-02]
 [  3.00535654e-01   1.15102220e-04   4.82466476e-02  -2.04501732e-05]
 [ -1.33763070e-04   3.41855534e-02  -2.04501732e-05   2.82168478e-04]]
Iter  44 ==============
E = -1.89766899749
dE = -7.18492709773e-08
|res| = 9.65797987455e-05
Cnew
[[  9.83507839e-01   3.31432447e-04   1.58915091e-02   9.49376468e-06]
 [  3.31432447e-04  -1.50564031e-01   1.18374305e-05   5.96534797e-02]
 [  1.58915091e-02   1.18374305e-05  -3.16846546e-02   2.24052185e-05]
 [  9.49376468e-06   5.96534797e-02   2.24052185e-05  -3.76365528e-02]]
sig1
