My FCI
converged SCF energy = -1.07568569471131
mo_coeff
[[ 0.27416506  0.18125502  0.89488867 -0.9550129 ]
 [ 0.35188235  1.10507772 -0.69968697  1.16877858]
 [ 0.27416506 -0.18125502  0.89488867  0.9550129 ]
 [ 0.35188235 -1.10507772 -0.69968697 -1.16877858]]
mo_occ
[ 2.  0.  0.  0.]
mo_energy
[-0.50591823  0.14151226  0.95034356  1.10868772]
ne = 1 no = 4 ns = 4
h matrix
[[ -1.05083766e+00   0.00000000e+00  -1.24096745e-01   0.00000000e+00]
 [ -1.38777878e-17  -6.23588251e-01   3.60822483e-16   1.86496292e-01]
 [ -1.24096745e-01   1.38777878e-16   4.93564191e-02   8.32667268e-17]
 [  2.42861287e-17   1.86496292e-01   1.04083409e-16   1.24701853e-01]]
g matrix
0.544919429822
0 1 -1.94289029309e-16 4.33680868994e-19 -1.94722710178e-16
0 2 -0.316990952573 -0.316990952573 -5.55111512313e-17
0 3 -2.8449465006e-16 5.20417042793e-17 -3.3653635434e-16
1 2 3.0184188482e-16 3.72965547335e-17 2.64545330086e-16
1 3 0.368675141044 0.368675141044 -2.77555756156e-16
2 3 5.03069808033e-17 5.81132364452e-17 -7.8062556419e-18
C0
[[ 0.25  0.25  0.25  0.25]
 [ 0.25  0.25  0.25  0.25]
 [ 0.25  0.25  0.25  0.25]
 [ 0.25  0.25  0.25  0.25]]
pqrs= 0 0 0 1 0
pqrs= 0 1 1 1 0
pqrs= 0 2 2 1 0
pqrs= 0 3 3 1 0
pqrs= 0 0 0 2 0
pqrs= 0 2 2 2 0
pqrs= 0 1 1 2 0
pqrs= 0 3 3 2 0
pqrs= 0 0 0 3 0
pqrs= 0 3 3 3 0
pqrs= 0 1 1 3 0
pqrs= 0 2 2 3 0
--sig21 pqrs--
[0] -- 0
[1, 2, 3] -- 1
[1, 2, 3] -- 2
[1, 2, 3] -- 3
pqrs= 1 1 1 0 1
pqrs= 1 0 0 0 1
pqrs= 1 2 2 0 1
pqrs= 1 3 3 0 1
pqrs= 1 1 1 2 1
pqrs= 1 2 2 2 1
pqrs= 1 0 0 2 1
pqrs= 1 3 3 2 1
pqrs= 1 1 1 3 1
pqrs= 1 3 3 3 1
pqrs= 1 0 0 3 1
pqrs= 1 2 2 3 1
--sig21 pqrs--
[1] -- 1
[0, 2, 3] -- 0
[0, 2, 3] -- 2
[0, 2, 3] -- 3
pqrs= 2 2 2 0 2
pqrs= 2 0 0 0 2
pqrs= 2 1 1 0 2
pqrs= 2 3 3 0 2
pqrs= 2 2 2 1 2
pqrs= 2 1 1 1 2
pqrs= 2 0 0 1 2
pqrs= 2 3 3 1 2
pqrs= 2 2 2 3 2
pqrs= 2 3 3 3 2
pqrs= 2 0 0 3 2
pqrs= 2 1 1 3 2
--sig21 pqrs--
[2] -- 2
[0, 1, 3] -- 0
[0, 1, 3] -- 1
[0, 1, 3] -- 3
pqrs= 3 3 3 0 3
pqrs= 3 0 0 0 3
pqrs= 3 1 1 0 3
pqrs= 3 2 2 0 3
pqrs= 3 3 3 1 3
pqrs= 3 1 1 1 3
pqrs= 3 0 0 1 3
pqrs= 3 2 2 1 3
pqrs= 3 3 3 2 3
pqrs= 3 2 2 2 3
pqrs= 3 0 0 2 3
pqrs= 3 1 1 2 3
--sig21 pqrs--
[3] -- 3
[0, 1, 2] -- 0
[0, 1, 2] -- 1
[0, 1, 2] -- 2
Iter  1 ==============
E = -0.487934389293
dE = -0.487934389293
|res| = 0.533257085798
Cnew
[[ 0.40256529  0.38333618  0.26319136  0.25159433]
 [ 0.38333618  0.23440913  0.2416635   0.21488438]
 [ 0.26319136  0.2416635   0.0797272   0.06302029]
 [ 0.25159433  0.21488438  0.06302029 -0.02255819]]
pqrs= 0 0 0 1 0
pqrs= 0 1 1 1 0
pqrs= 0 2 2 1 0
pqrs= 0 3 3 1 0
pqrs= 0 0 0 2 0
pqrs= 0 2 2 2 0
pqrs= 0 1 1 2 0
pqrs= 0 3 3 2 0
pqrs= 0 0 0 3 0
pqrs= 0 3 3 3 0
pqrs= 0 1 1 3 0
pqrs= 0 2 2 3 0
--sig21 pqrs--
[0] -- 0
[1, 2, 3] -- 1
[1, 2, 3] -- 2
[1, 2, 3] -- 3
pqrs= 1 1 1 0 1
pqrs= 1 0 0 0 1
pqrs= 1 2 2 0 1
pqrs= 1 3 3 0 1
pqrs= 1 1 1 2 1
pqrs= 1 2 2 2 1
pqrs= 1 0 0 2 1
pqrs= 1 3 3 2 1
pqrs= 1 1 1 3 1
pqrs= 1 3 3 3 1
pqrs= 1 0 0 3 1
pqrs= 1 2 2 3 1
--sig21 pqrs--
[1] -- 1
[0, 2, 3] -- 0
[0, 2, 3] -- 2
[0, 2, 3] -- 3
pqrs= 2 2 2 0 2
pqrs= 2 0 0 0 2
pqrs= 2 1 1 0 2
pqrs= 2 3 3 0 2
pqrs= 2 2 2 1 2
pqrs= 2 1 1 1 2
pqrs= 2 0 0 1 2
pqrs= 2 3 3 1 2
pqrs= 2 2 2 3 2
pqrs= 2 3 3 3 2
pqrs= 2 0 0 3 2
pqrs= 2 1 1 3 2
--sig21 pqrs--
[2] -- 2
[0, 1, 3] -- 0
[0, 1, 3] -- 1
[0, 1, 3] -- 3
pqrs= 3 3 3 0 3
pqrs= 3 0 0 0 3
pqrs= 3 1 1 0 3
pqrs= 3 2 2 0 3
pqrs= 3 3 3 1 3
pqrs= 3 1 1 1 3
pqrs= 3 0 0 1 3
pqrs= 3 2 2 1 3
pqrs= 3 3 3 2 3
pqrs= 3 2 2 2 3
pqrs= 3 0 0 2 3
pqrs= 3 1 1 2 3
--sig21 pqrs--
[3] -- 3
[0, 1, 2] -- 0
[0, 1, 2] -- 1
[0, 1, 2] -- 2
Iter  2 ==============
E = -1.1148627508
dE = -0.626928361511
|res| = 0.240171792169
Cnew
[[ 0.53104776  0.43207123  0.2266306   0.21067922]
 [ 0.43207123  0.17583637  0.18514723  0.15316264]
 [ 0.2266306   0.18514723  0.01953155  0.01754501]
 [ 0.21067922  0.15316264  0.01754501 -0.07570138]]
pqrs= 0 0 0 1 0
pqrs= 0 1 1 1 0
pqrs= 0 2 2 1 0
pqrs= 0 3 3 1 0
pqrs= 0 0 0 2 0
pqrs= 0 2 2 2 0
pqrs= 0 1 1 2 0
pqrs= 0 3 3 2 0
pqrs= 0 0 0 3 0
pqrs= 0 3 3 3 0
pqrs= 0 1 1 3 0
pqrs= 0 2 2 3 0
--sig21 pqrs--
[0] -- 0
[1, 2, 3] -- 1
[1, 2, 3] -- 2
[1, 2, 3] -- 3
pqrs= 1 1 1 0 1
pqrs= 1 0 0 0 1
pqrs= 1 2 2 0 1
pqrs= 1 3 3 0 1
pqrs= 1 1 1 2 1
pqrs= 1 2 2 2 1
pqrs= 1 0 0 2 1
pqrs= 1 3 3 2 1
pqrs= 1 1 1 3 1
pqrs= 1 3 3 3 1
pqrs= 1 0 0 3 1
pqrs= 1 2 2 3 1
--sig21 pqrs--
[1] -- 1
[0, 2, 3] -- 0
[0, 2, 3] -- 2
[0, 2, 3] -- 3
pqrs= 2 2 2 0 2
pqrs= 2 0 0 0 2
pqrs= 2 1 1 0 2
pqrs= 2 3 3 0 2
pqrs= 2 2 2 1 2
pqrs= 2 1 1 1 2
pqrs= 2 0 0 1 2
pqrs= 2 3 3 1 2
pqrs= 2 2 2 3 2
pqrs= 2 3 3 3 2
pqrs= 2 0 0 3 2
pqrs= 2 1 1 3 2
--sig21 pqrs--
[2] -- 2
[0, 1, 3] -- 0
[0, 1, 3] -- 1
[0, 1, 3] -- 3
pqrs= 3 3 3 0 3
pqrs= 3 0 0 0 3
pqrs= 3 1 1 0 3
pqrs= 3 2 2 0 3
pqrs= 3 3 3 1 3
pqrs= 3 1 1 1 3
pqrs= 3 0 0 1 3
pqrs= 3 2 2 1 3
pqrs= 3 3 3 2 3
pqrs= 3 2 2 2 3
pqrs= 3 0 0 2 3
pqrs= 3 1 1 2 3
--sig21 pqrs--
[3] -- 3
[0, 1, 2] -- 0
[0, 1, 2] -- 1
[0, 1, 2] -- 2
Iter  3 ==============
E = -1.33394338172
dE = -0.219080630917
|res| = 0.190822810189
Cnew
[[ 0.64423035  0.4408103   0.17917087  0.16352259]
 [ 0.4408103   0.11264211  0.13338692  0.11063889]
 [ 0.17917087  0.13338692 -0.00334284  0.01308846]
 [ 0.16352259  0.11063889  0.01308846 -0.07448519]]
pqrs= 0 0 0 1 0
pqrs= 0 1 1 1 0
pqrs= 0 2 2 1 0
pqrs= 0 3 3 1 0
pqrs= 0 0 0 2 0
pqrs= 0 2 2 2 0
pqrs= 0 1 1 2 0
pqrs= 0 3 3 2 0
pqrs= 0 0 0 3 0
pqrs= 0 3 3 3 0
pqrs= 0 1 1 3 0
pqrs= 0 2 2 3 0
--sig21 pqrs--
[0] -- 0
[1, 2, 3] -- 1
[1, 2, 3] -- 2
[1, 2, 3] -- 3
pqrs= 1 1 1 0 1
pqrs= 1 0 0 0 1
pqrs= 1 2 2 0 1
pqrs= 1 3 3 0 1
pqrs= 1 1 1 2 1
pqrs= 1 2 2 2 1
pqrs= 1 0 0 2 1
pqrs= 1 3 3 2 1
pqrs= 1 1 1 3 1
pqrs= 1 3 3 3 1
pqrs= 1 0 0 3 1
pqrs= 1 2 2 3 1
--sig21 pqrs--
[1] -- 1
[0, 2, 3] -- 0
[0, 2, 3] -- 2
[0, 2, 3] -- 3
pqrs= 2 2 2 0 2
pqrs= 2 0 0 0 2
pqrs= 2 1 1 0 2
pqrs= 2 3 3 0 2
pqrs= 2 2 2 1 2
pqrs= 2 1 1 1 2
pqrs= 2 0 0 1 2
pqrs= 2 3 3 1 2
pqrs= 2 2 2 3 2
pqrs= 2 3 3 3 2
pqrs= 2 0 0 3 2
pqrs= 2 1 1 3 2
--sig21 pqrs--
[2] -- 2
[0, 1, 3] -- 0
[0, 1, 3] -- 1
[0, 1, 3] -- 3
pqrs= 3 3 3 0 3
pqrs= 3 0 0 0 3
pqrs= 3 1 1 0 3
pqrs= 3 2 2 0 3
pqrs= 3 3 3 1 3
pqrs= 3 1 1 1 3
pqrs= 3 0 0 1 3
pqrs= 3 2 2 1 3
pqrs= 3 3 3 2 3
pqrs= 3 2 2 2 3
pqrs= 3 0 0 2 3
pqrs= 3 1 1 2 3
--sig21 pqrs--
[3] -- 3
[0, 1, 2] -- 0
[0, 1, 2] -- 1
[0, 1, 2] -- 2
Iter  4 ==============
E = -1.49362296033
dE = -0.15967957861
|res| = 0.160909820219
Cnew
[[ 0.73536005  0.42162464  0.13337693  0.11964751]
 [ 0.42162464  0.05348564  0.09295065  0.08499963]
 [ 0.13337693  0.09295065 -0.01482726  0.01520819]
 [ 0.11964751  0.08499963  0.01520819 -0.06502618]]
pqrs= 0 0 0 1 0
pqrs= 0 1 1 1 0
pqrs= 0 2 2 1 0
pqrs= 0 3 3 1 0
pqrs= 0 0 0 2 0
pqrs= 0 2 2 2 0
pqrs= 0 1 1 2 0
pqrs= 0 3 3 2 0
pqrs= 0 0 0 3 0
pqrs= 0 3 3 3 0
pqrs= 0 1 1 3 0
pqrs= 0 2 2 3 0
--sig21 pqrs--
[0] -- 0
[1, 2, 3] -- 1
[1, 2, 3] -- 2
[1, 2, 3] -- 3
pqrs= 1 1 1 0 1
pqrs= 1 0 0 0 1
pqrs= 1 2 2 0 1
pqrs= 1 3 3 0 1
pqrs= 1 1 1 2 1
pqrs= 1 2 2 2 1
pqrs= 1 0 0 2 1
pqrs= 1 3 3 2 1
pqrs= 1 1 1 3 1
pqrs= 1 3 3 3 1
pqrs= 1 0 0 3 1
pqrs= 1 2 2 3 1
--sig21 pqrs--
[1] -- 1
[0, 2, 3] -- 0
[0, 2, 3] -- 2
[0, 2, 3] -- 3
pqrs= 2 2 2 0 2
pqrs= 2 0 0 0 2
pqrs= 2 1 1 0 2
pqrs= 2 3 3 0 2
pqrs= 2 2 2 1 2
pqrs= 2 1 1 1 2
pqrs= 2 0 0 1 2
pqrs= 2 3 3 1 2
pqrs= 2 2 2 3 2
pqrs= 2 3 3 3 2
pqrs= 2 0 0 3 2
pqrs= 2 1 1 3 2
--sig21 pqrs--
[2] -- 2
[0, 1, 3] -- 0
[0, 1, 3] -- 1
[0, 1, 3] -- 3
pqrs= 3 3 3 0 3
pqrs= 3 0 0 0 3
pqrs= 3 1 1 0 3
pqrs= 3 2 2 0 3
pqrs= 3 3 3 1 3
pqrs= 3 1 1 1 3
pqrs= 3 0 0 1 3
pqrs= 3 2 2 1 3
pqrs= 3 3 3 2 3
pqrs= 3 2 2 2 3
pqrs= 3 0 0 2 3
pqrs= 3 1 1 2 3
--sig21 pqrs--
[3] -- 3
[0, 1, 2] -- 0
[0, 1, 2] -- 1
[0, 1, 2] -- 2
Iter  5 ==============
E = -1.61309835385
dE = -0.119475393519
|res| = 0.132943001171
Cnew
[[ 0.80462771  0.38576473  0.09597198  0.08413375]
 [ 0.38576473  0.00324397  0.06381496  0.0707242 ]
 [ 0.09597198  0.06381496 -0.02144626  0.01679574]
 [ 0.08413375  0.0707242   0.01679574 -0.05642696]]
pqrs= 0 0 0 1 0
pqrs= 0 1 1 1 0
pqrs= 0 2 2 1 0
pqrs= 0 3 3 1 0
pqrs= 0 0 0 2 0
pqrs= 0 2 2 2 0
pqrs= 0 1 1 2 0
pqrs= 0 3 3 2 0
pqrs= 0 0 0 3 0
pqrs= 0 3 3 3 0
pqrs= 0 1 1 3 0
pqrs= 0 2 2 3 0
--sig21 pqrs--
[0] -- 0
[1, 2, 3] -- 1
[1, 2, 3] -- 2
[1, 2, 3] -- 3
pqrs= 1 1 1 0 1
pqrs= 1 0 0 0 1
pqrs= 1 2 2 0 1
pqrs= 1 3 3 0 1
pqrs= 1 1 1 2 1
pqrs= 1 2 2 2 1
pqrs= 1 0 0 2 1
pqrs= 1 3 3 2 1
pqrs= 1 1 1 3 1
pqrs= 1 3 3 3 1
pqrs= 1 0 0 3 1
pqrs= 1 2 2 3 1
--sig21 pqrs--
[1] -- 1
[0, 2, 3] -- 0
[0, 2, 3] -- 2
[0, 2, 3] -- 3
pqrs= 2 2 2 0 2
pqrs= 2 0 0 0 2
pqrs= 2 1 1 0 2
pqrs= 2 3 3 0 2
pqrs= 2 2 2 1 2
pqrs= 2 1 1 1 2
pqrs= 2 0 0 1 2
pqrs= 2 3 3 1 2
pqrs= 2 2 2 3 2
pqrs= 2 3 3 3 2
pqrs= 2 0 0 3 2
pqrs= 2 1 1 3 2
--sig21 pqrs--
[2] -- 2
[0, 1, 3] -- 0
[0, 1, 3] -- 1
[0, 1, 3] -- 3
pqrs= 3 3 3 0 3
pqrs= 3 0 0 0 3
pqrs= 3 1 1 0 3
pqrs= 3 2 2 0 3
pqrs= 3 3 3 1 3
pqrs= 3 1 1 1 3
pqrs= 3 0 0 1 3
pqrs= 3 2 2 1 3
pqrs= 3 3 3 2 3
pqrs= 3 2 2 2 3
pqrs= 3 0 0 2 3
pqrs= 3 1 1 2 3
--sig21 pqrs--
[3] -- 3
[0, 1, 2] -- 0
[0, 1, 2] -- 1
[0, 1, 2] -- 2
Iter  6 ==============
E = -1.69790021742
dE = -0.0848018635693
|res| = 0.109311932458
Cnew
[[ 0.85581825  0.34249137  0.0684085   0.0578314 ]
 [ 0.34249137 -0.03679537  0.04376553  0.06328942]
 [ 0.0684085   0.04376553 -0.0254356   0.01700178]
 [ 0.0578314   0.06328942  0.01700178 -0.05005117]]
pqrs= 0 0 0 1 0
pqrs= 0 1 1 1 0
pqrs= 0 2 2 1 0
pqrs= 0 3 3 1 0
pqrs= 0 0 0 2 0
pqrs= 0 2 2 2 0
pqrs= 0 1 1 2 0
pqrs= 0 3 3 2 0
pqrs= 0 0 0 3 0
pqrs= 0 3 3 3 0
pqrs= 0 1 1 3 0
pqrs= 0 2 2 3 0
--sig21 pqrs--
[0] -- 0
[1, 2, 3] -- 1
[1, 2, 3] -- 2
[1, 2, 3] -- 3
pqrs= 1 1 1 0 1
pqrs= 1 0 0 0 1
pqrs= 1 2 2 0 1
pqrs= 1 3 3 0 1
pqrs= 1 1 1 2 1
pqrs= 1 2 2 2 1
pqrs= 1 0 0 2 1
pqrs= 1 3 3 2 1
pqrs= 1 1 1 3 1
pqrs= 1 3 3 3 1
pqrs= 1 0 0 3 1
pqrs= 1 2 2 3 1
--sig21 pqrs--
[1] -- 1
[0, 2, 3] -- 0
[0, 2, 3] -- 2
[0, 2, 3] -- 3
pqrs= 2 2 2 0 2
pqrs= 2 0 0 0 2
pqrs= 2 1 1 0 2
pqrs= 2 3 3 0 2
pqrs= 2 2 2 1 2
pqrs= 2 1 1 1 2
pqrs= 2 0 0 1 2
pqrs= 2 3 3 1 2
pqrs= 2 2 2 3 2
pqrs= 2 3 3 3 2
pqrs= 2 0 0 3 2
pqrs= 2 1 1 3 2
--sig21 pqrs--
[2] -- 2
[0, 1, 3] -- 0
[0, 1, 3] -- 1
[0, 1, 3] -- 3
pqrs= 3 3 3 0 3
pqrs= 3 0 0 0 3
pqrs= 3 1 1 0 3
pqrs= 3 2 2 0 3
pqrs= 3 3 3 1 3
pqrs= 3 1 1 1 3
pqrs= 3 0 0 1 3
pqrs= 3 2 2 1 3
pqrs= 3 3 3 2 3
pqrs= 3 2 2 2 3
pqrs= 3 0 0 2 3
pqrs= 3 1 1 2 3
--sig21 pqrs--
[3] -- 3
[0, 1, 2] -- 0
[0, 1, 2] -- 1
[0, 1, 2] -- 2
Iter  7 ==============
E = -1.7570722925
dE = -0.0591720750776
|res| = 0.0904403724158
Cnew
[[ 0.89310225  0.29790579  0.04937122  0.03936806]
 [ 0.29790579 -0.06746562  0.03027243  0.05970006]
 [ 0.04937122  0.03027243 -0.02787598  0.01617541]
 [ 0.03936806  0.05970006  0.01617541 -0.04566108]]
pqrs= 0 0 0 1 0
pqrs= 0 1 1 1 0
pqrs= 0 2 2 1 0
pqrs= 0 3 3 1 0
pqrs= 0 0 0 2 0
pqrs= 0 2 2 2 0
pqrs= 0 1 1 2 0
pqrs= 0 3 3 2 0
pqrs= 0 0 0 3 0
pqrs= 0 3 3 3 0
pqrs= 0 1 1 3 0
pqrs= 0 2 2 3 0
--sig21 pqrs--
[0] -- 0
[1, 2, 3] -- 1
[1, 2, 3] -- 2
[1, 2, 3] -- 3
pqrs= 1 1 1 0 1
pqrs= 1 0 0 0 1
pqrs= 1 2 2 0 1
pqrs= 1 3 3 0 1
pqrs= 1 1 1 2 1
pqrs= 1 2 2 2 1
pqrs= 1 0 0 2 1
pqrs= 1 3 3 2 1
pqrs= 1 1 1 3 1
pqrs= 1 3 3 3 1
pqrs= 1 0 0 3 1
pqrs= 1 2 2 3 1
--sig21 pqrs--
[1] -- 1
[0, 2, 3] -- 0
[0, 2, 3] -- 2
[0, 2, 3] -- 3
pqrs= 2 2 2 0 2
pqrs= 2 0 0 0 2
pqrs= 2 1 1 0 2
pqrs= 2 3 3 0 2
pqrs= 2 2 2 1 2
pqrs= 2 1 1 1 2
pqrs= 2 0 0 1 2
pqrs= 2 3 3 1 2
pqrs= 2 2 2 3 2
pqrs= 2 3 3 3 2
pqrs= 2 0 0 3 2
pqrs= 2 1 1 3 2
--sig21 pqrs--
[2] -- 2
[0, 1, 3] -- 0
[0, 1, 3] -- 1
[0, 1, 3] -- 3
pqrs= 3 3 3 0 3
pqrs= 3 0 0 0 3
pqrs= 3 1 1 0 3
pqrs= 3 2 2 0 3
pqrs= 3 3 3 1 3
pqrs= 3 1 1 1 3
pqrs= 3 0 0 1 3
pqrs= 3 2 2 1 3
pqrs= 3 3 3 2 3
pqrs= 3 2 2 2 3
pqrs= 3 0 0 2 3
pqrs= 3 1 1 2 3
--sig21 pqrs--
[3] -- 3
[0, 1, 2] -- 0
[0, 1, 2] -- 1
[0, 1, 2] -- 2
Iter  8 ==============
E = -1.79854892549
dE = -0.0414766329886
|res| = 0.0754062215571
Cnew
[[ 0.91997348  0.2554824   0.03677054  0.026803  ]
 [ 0.2554824  -0.090378    0.02125245  0.05816859]
 [ 0.03677054  0.02125245 -0.02937742  0.01476173]
 [ 0.026803    0.05816859  0.01476173 -0.04275278]]
pqrs= 0 0 0 1 0
pqrs= 0 1 1 1 0
pqrs= 0 2 2 1 0
pqrs= 0 3 3 1 0
pqrs= 0 0 0 2 0
pqrs= 0 2 2 2 0
pqrs= 0 1 1 2 0
pqrs= 0 3 3 2 0
pqrs= 0 0 0 3 0
pqrs= 0 3 3 3 0
pqrs= 0 1 1 3 0
pqrs= 0 2 2 3 0
--sig21 pqrs--
[0] -- 0
[1, 2, 3] -- 1
[1, 2, 3] -- 2
[1, 2, 3] -- 3
pqrs= 1 1 1 0 1
pqrs= 1 0 0 0 1
pqrs= 1 2 2 0 1
pqrs= 1 3 3 0 1
pqrs= 1 1 1 2 1
pqrs= 1 2 2 2 1
pqrs= 1 0 0 2 1
pqrs= 1 3 3 2 1
pqrs= 1 1 1 3 1
pqrs= 1 3 3 3 1
pqrs= 1 0 0 3 1
pqrs= 1 2 2 3 1
--sig21 pqrs--
[1] -- 1
[0, 2, 3] -- 0
[0, 2, 3] -- 2
[0, 2, 3] -- 3
pqrs= 2 2 2 0 2
pqrs= 2 0 0 0 2
pqrs= 2 1 1 0 2
pqrs= 2 3 3 0 2
pqrs= 2 2 2 1 2
pqrs= 2 1 1 1 2
pqrs= 2 0 0 1 2
pqrs= 2 3 3 1 2
pqrs= 2 2 2 3 2
pqrs= 2 3 3 3 2
pqrs= 2 0 0 3 2
pqrs= 2 1 1 3 2
--sig21 pqrs--
[2] -- 2
[0, 1, 3] -- 0
[0, 1, 3] -- 1
[0, 1, 3] -- 3
pqrs= 3 3 3 0 3
pqrs= 3 0 0 0 3
pqrs= 3 1 1 0 3
pqrs= 3 2 2 0 3
pqrs= 3 3 3 1 3
pqrs= 3 1 1 1 3
pqrs= 3 0 0 1 3
pqrs= 3 2 2 1 3
pqrs= 3 3 3 2 3
pqrs= 3 2 2 2 3
pqrs= 3 0 0 2 3
pqrs= 3 1 1 2 3
--sig21 pqrs--
[3] -- 3
[0, 1, 2] -- 0
[0, 1, 2] -- 1
[0, 1, 2] -- 2
Iter  9 ==============
E = -1.82785841391
dE = -0.0293094884271
|res| = 0.0631698499682
Cnew
[[ 0.9391527   0.2169413   0.02867388  0.01838923]
 [ 0.2169413  -0.10721577  0.01520126  0.05768634]
 [ 0.02867388  0.01520126 -0.03030189  0.01309576]
 [ 0.01838923  0.05768634  0.01309576 -0.04087105]]
pqrs= 0 0 0 1 0
pqrs= 0 1 1 1 0
pqrs= 0 2 2 1 0
pqrs= 0 3 3 1 0
pqrs= 0 0 0 2 0
pqrs= 0 2 2 2 0
pqrs= 0 1 1 2 0
pqrs= 0 3 3 2 0
pqrs= 0 0 0 3 0
pqrs= 0 3 3 3 0
pqrs= 0 1 1 3 0
pqrs= 0 2 2 3 0
--sig21 pqrs--
[0] -- 0
[1, 2, 3] -- 1
[1, 2, 3] -- 2
[1, 2, 3] -- 3
pqrs= 1 1 1 0 1
pqrs= 1 0 0 0 1
pqrs= 1 2 2 0 1
pqrs= 1 3 3 0 1
pqrs= 1 1 1 2 1
pqrs= 1 2 2 2 1
pqrs= 1 0 0 2 1
pqrs= 1 3 3 2 1
pqrs= 1 1 1 3 1
pqrs= 1 3 3 3 1
pqrs= 1 0 0 3 1
pqrs= 1 2 2 3 1
--sig21 pqrs--
[1] -- 1
[0, 2, 3] -- 0
[0, 2, 3] -- 2
[0, 2, 3] -- 3
pqrs= 2 2 2 0 2
pqrs= 2 0 0 0 2
pqrs= 2 1 1 0 2
pqrs= 2 3 3 0 2
pqrs= 2 2 2 1 2
pqrs= 2 1 1 1 2
pqrs= 2 0 0 1 2
pqrs= 2 3 3 1 2
pqrs= 2 2 2 3 2
pqrs= 2 3 3 3 2
pqrs= 2 0 0 3 2
pqrs= 2 1 1 3 2
--sig21 pqrs--
[2] -- 2
[0, 1, 3] -- 0
[0, 1, 3] -- 1
[0, 1, 3] -- 3
pqrs= 3 3 3 0 3
pqrs= 3 0 0 0 3
pqrs= 3 1 1 0 3
pqrs= 3 2 2 0 3
pqrs= 3 3 3 1 3
pqrs= 3 1 1 1 3
pqrs= 3 0 0 1 3
pqrs= 3 2 2 1 3
pqrs= 3 3 3 2 3
pqrs= 3 2 2 2 3
pqrs= 3 0 0 2 3
pqrs= 3 1 1 2 3
--sig21 pqrs--
[3] -- 3
[0, 1, 2] -- 0
[0, 1, 2] -- 1
[0, 1, 2] -- 2
Iter  10 ==============
E = -1.84864692493
dE = -0.0207885110155
|res| = 0.0529937672784
Cnew
[[ 0.95271658  0.18293467  0.02358484  0.01278747]
 [ 0.18293467 -0.11945375  0.01109805  0.05770406]
 [ 0.02358484  0.01109805 -0.03086916  0.01139271]
 [ 0.01278747  0.05770406  0.01139271 -0.03967185]]
pqrs= 0 0 0 1 0
pqrs= 0 1 1 1 0
pqrs= 0 2 2 1 0
pqrs= 0 3 3 1 0
pqrs= 0 0 0 2 0
pqrs= 0 2 2 2 0
pqrs= 0 1 1 2 0
pqrs= 0 3 3 2 0
pqrs= 0 0 0 3 0
pqrs= 0 3 3 3 0
pqrs= 0 1 1 3 0
pqrs= 0 2 2 3 0
--sig21 pqrs--
[0] -- 0
[1, 2, 3] -- 1
[1, 2, 3] -- 2
[1, 2, 3] -- 3
pqrs= 1 1 1 0 1
pqrs= 1 0 0 0 1
pqrs= 1 2 2 0 1
pqrs= 1 3 3 0 1
pqrs= 1 1 1 2 1
pqrs= 1 2 2 2 1
pqrs= 1 0 0 2 1
pqrs= 1 3 3 2 1
pqrs= 1 1 1 3 1
pqrs= 1 3 3 3 1
pqrs= 1 0 0 3 1
pqrs= 1 2 2 3 1
--sig21 pqrs--
[1] -- 1
[0, 2, 3] -- 0
[0, 2, 3] -- 2
[0, 2, 3] -- 3
pqrs= 2 2 2 0 2
pqrs= 2 0 0 0 2
pqrs= 2 1 1 0 2
pqrs= 2 3 3 0 2
pqrs= 2 2 2 1 2
pqrs= 2 1 1 1 2
pqrs= 2 0 0 1 2
pqrs= 2 3 3 1 2
pqrs= 2 2 2 3 2
pqrs= 2 3 3 3 2
pqrs= 2 0 0 3 2
pqrs= 2 1 1 3 2
--sig21 pqrs--
[2] -- 2
[0, 1, 3] -- 0
[0, 1, 3] -- 1
[0, 1, 3] -- 3
pqrs= 3 3 3 0 3
pqrs= 3 0 0 0 3
pqrs= 3 1 1 0 3
pqrs= 3 2 2 0 3
pqrs= 3 3 3 1 3
pqrs= 3 1 1 1 3
pqrs= 3 0 0 1 3
pqrs= 3 2 2 1 3
pqrs= 3 3 3 2 3
pqrs= 3 2 2 2 3
pqrs= 3 0 0 2 3
pqrs= 3 1 1 2 3
--sig21 pqrs--
[3] -- 3
[0, 1, 2] -- 0
[0, 1, 2] -- 1
[0, 1, 2] -- 2
Iter  11 ==============
E = -1.86337440483
dE = -0.0147274799004
|res| = 0.0444244294686
Cnew
[[ 0.96223097  0.15350314  0.02044222  0.00904954]
 [ 0.15350314 -0.12828328  0.00827133  0.05793209]
 [ 0.02044222  0.00827133 -0.03121469  0.0097763 ]
 [ 0.00904954  0.05793209  0.0097763  -0.038915  ]]
pqrs= 0 0 0 1 0
pqrs= 0 1 1 1 0
pqrs= 0 2 2 1 0
pqrs= 0 3 3 1 0
pqrs= 0 0 0 2 0
pqrs= 0 2 2 2 0
pqrs= 0 1 1 2 0
pqrs= 0 3 3 2 0
pqrs= 0 0 0 3 0
pqrs= 0 3 3 3 0
pqrs= 0 1 1 3 0
pqrs= 0 2 2 3 0
--sig21 pqrs--
[0] -- 0
[1, 2, 3] -- 1
[1, 2, 3] -- 2
[1, 2, 3] -- 3
pqrs= 1 1 1 0 1
pqrs= 1 0 0 0 1
pqrs= 1 2 2 0 1
pqrs= 1 3 3 0 1
pqrs= 1 1 1 2 1
pqrs= 1 2 2 2 1
pqrs= 1 0 0 2 1
pqrs= 1 3 3 2 1
pqrs= 1 1 1 3 1
pqrs= 1 3 3 3 1
pqrs= 1 0 0 3 1
pqrs= 1 2 2 3 1
--sig21 pqrs--
[1] -- 1
[0, 2, 3] -- 0
[0, 2, 3] -- 2
[0, 2, 3] -- 3
pqrs= 2 2 2 0 2
pqrs= 2 0 0 0 2
pqrs= 2 1 1 0 2
pqrs= 2 3 3 0 2
pqrs= 2 2 2 1 2
pqrs= 2 1 1 1 2
pqrs= 2 0 0 1 2
pqrs= 2 3 3 1 2
pqrs= 2 2 2 3 2
pqrs= 2 3 3 3 2
pqrs= 2 0 0 3 2
pqrs= 2 1 1 3 2
--sig21 pqrs--
[2] -- 2
[0, 1, 3] -- 0
[0, 1, 3] -- 1
[0, 1, 3] -- 3
pqrs= 3 3 3 0 3
pqrs= 3 0 0 0 3
pqrs= 3 1 1 0 3
pqrs= 3 2 2 0 3
pqrs= 3 3 3 1 3
pqrs= 3 1 1 1 3
pqrs= 3 0 0 1 3
pqrs= 3 2 2 1 3
pqrs= 3 3 3 2 3
pqrs= 3 2 2 2 3
pqrs= 3 0 0 2 3
pqrs= 3 1 1 2 3
--sig21 pqrs--
[3] -- 3
[0, 1, 2] -- 0
[0, 1, 2] -- 1
[0, 1, 2] -- 2
Iter  12 ==============
E = -1.87376612
dE = -0.0103917151761
|res| = 0.0371781138043
Cnew
[[ 0.96885916  0.12836298  0.01853122  0.00653357]
 [ 0.12836298 -0.13462347  0.00628593  0.05822384]
 [ 0.01853122  0.00628593 -0.03142282  0.00830851]
 [ 0.00653357  0.05822384  0.00830851 -0.03844008]]
pqrs= 0 0 0 1 0
pqrs= 0 1 1 1 0
pqrs= 0 2 2 1 0
pqrs= 0 3 3 1 0
pqrs= 0 0 0 2 0
pqrs= 0 2 2 2 0
pqrs= 0 1 1 2 0
pqrs= 0 3 3 2 0
pqrs= 0 0 0 3 0
pqrs= 0 3 3 3 0
pqrs= 0 1 1 3 0
pqrs= 0 2 2 3 0
--sig21 pqrs--
[0] -- 0
[1, 2, 3] -- 1
[1, 2, 3] -- 2
[1, 2, 3] -- 3
pqrs= 1 1 1 0 1
pqrs= 1 0 0 0 1
pqrs= 1 2 2 0 1
pqrs= 1 3 3 0 1
pqrs= 1 1 1 2 1
pqrs= 1 2 2 2 1
pqrs= 1 0 0 2 1
pqrs= 1 3 3 2 1
pqrs= 1 1 1 3 1
pqrs= 1 3 3 3 1
pqrs= 1 0 0 3 1
pqrs= 1 2 2 3 1
--sig21 pqrs--
[1] -- 1
[0, 2, 3] -- 0
[0, 2, 3] -- 2
[0, 2, 3] -- 3
pqrs= 2 2 2 0 2
pqrs= 2 0 0 0 2
pqrs= 2 1 1 0 2
pqrs= 2 3 3 0 2
pqrs= 2 2 2 1 2
pqrs= 2 1 1 1 2
pqrs= 2 0 0 1 2
pqrs= 2 3 3 1 2
pqrs= 2 2 2 3 2
pqrs= 2 3 3 3 2
pqrs= 2 0 0 3 2
pqrs= 2 1 1 3 2
--sig21 pqrs--
[2] -- 2
[0, 1, 3] -- 0
[0, 1, 3] -- 1
[0, 1, 3] -- 3
pqrs= 3 3 3 0 3
pqrs= 3 0 0 0 3
pqrs= 3 1 1 0 3
pqrs= 3 2 2 0 3
pqrs= 3 3 3 1 3
pqrs= 3 1 1 1 3
pqrs= 3 0 0 1 3
pqrs= 3 2 2 1 3
pqrs= 3 3 3 2 3
pqrs= 3 2 2 2 3
pqrs= 3 0 0 2 3
pqrs= 3 1 1 2 3
--sig21 pqrs--
[3] -- 3
[0, 1, 2] -- 0
[0, 1, 2] -- 1
[0, 1, 2] -- 2
Iter  13 ==============
E = -1.88106237485
dE = -0.00729625484215
|res| = 0.0310553498958
Cnew
[[ 0.97345133  0.10708108  0.01738618  0.00481642]
 [ 0.10708108 -0.13916305  0.00486134  0.05850986]
 [ 0.01738618  0.00486134 -0.03154624  0.00701281]
 [ 0.00481642  0.05850986  0.00701281 -0.03814294]]
pqrs= 0 0 0 1 0
pqrs= 0 1 1 1 0
pqrs= 0 2 2 1 0
pqrs= 0 3 3 1 0
pqrs= 0 0 0 2 0
pqrs= 0 2 2 2 0
pqrs= 0 1 1 2 0
pqrs= 0 3 3 2 0
pqrs= 0 0 0 3 0
pqrs= 0 3 3 3 0
pqrs= 0 1 1 3 0
pqrs= 0 2 2 3 0
--sig21 pqrs--
[0] -- 0
[1, 2, 3] -- 1
[1, 2, 3] -- 2
[1, 2, 3] -- 3
pqrs= 1 1 1 0 1
pqrs= 1 0 0 0 1
pqrs= 1 2 2 0 1
pqrs= 1 3 3 0 1
pqrs= 1 1 1 2 1
pqrs= 1 2 2 2 1
pqrs= 1 0 0 2 1
pqrs= 1 3 3 2 1
pqrs= 1 1 1 3 1
pqrs= 1 3 3 3 1
pqrs= 1 0 0 3 1
pqrs= 1 2 2 3 1
--sig21 pqrs--
[1] -- 1
[0, 2, 3] -- 0
[0, 2, 3] -- 2
[0, 2, 3] -- 3
pqrs= 2 2 2 0 2
pqrs= 2 0 0 0 2
pqrs= 2 1 1 0 2
pqrs= 2 3 3 0 2
pqrs= 2 2 2 1 2
pqrs= 2 1 1 1 2
pqrs= 2 0 0 1 2
pqrs= 2 3 3 1 2
pqrs= 2 2 2 3 2
pqrs= 2 3 3 3 2
pqrs= 2 0 0 3 2
pqrs= 2 1 1 3 2
--sig21 pqrs--
[2] -- 2
[0, 1, 3] -- 0
[0, 1, 3] -- 1
[0, 1, 3] -- 3
pqrs= 3 3 3 0 3
pqrs= 3 0 0 0 3
pqrs= 3 1 1 0 3
pqrs= 3 2 2 0 3
pqrs= 3 3 3 1 3
pqrs= 3 1 1 1 3
pqrs= 3 0 0 1 3
pqrs= 3 2 2 1 3
pqrs= 3 3 3 2 3
pqrs= 3 2 2 2 3
pqrs= 3 0 0 2 3
pqrs= 3 1 1 2 3
--sig21 pqrs--
[3] -- 3
[0, 1, 2] -- 0
[0, 1, 2] -- 1
[0, 1, 2] -- 2
Iter  14 ==============
E = -1.88616115675
dE = -0.00509878190078
|res| = 0.0258967728068
Cnew
[[ 0.97661931  0.08917705  0.01671072  0.00362333]
 [ 0.08917705 -0.14240841  0.00381649  0.05876121]
 [ 0.01671072  0.00381649 -0.03161785  0.00589034]
 [ 0.00362333  0.05876121  0.00589034 -0.03795713]]
pqrs= 0 0 0 1 0
pqrs= 0 1 1 1 0
pqrs= 0 2 2 1 0
pqrs= 0 3 3 1 0
pqrs= 0 0 0 2 0
pqrs= 0 2 2 2 0
pqrs= 0 1 1 2 0
pqrs= 0 3 3 2 0
pqrs= 0 0 0 3 0
pqrs= 0 3 3 3 0
pqrs= 0 1 1 3 0
pqrs= 0 2 2 3 0
--sig21 pqrs--
[0] -- 0
[1, 2, 3] -- 1
[1, 2, 3] -- 2
[1, 2, 3] -- 3
pqrs= 1 1 1 0 1
pqrs= 1 0 0 0 1
pqrs= 1 2 2 0 1
pqrs= 1 3 3 0 1
pqrs= 1 1 1 2 1
pqrs= 1 2 2 2 1
pqrs= 1 0 0 2 1
pqrs= 1 3 3 2 1
pqrs= 1 1 1 3 1
pqrs= 1 3 3 3 1
pqrs= 1 0 0 3 1
pqrs= 1 2 2 3 1
--sig21 pqrs--
[1] -- 1
[0, 2, 3] -- 0
[0, 2, 3] -- 2
[0, 2, 3] -- 3
pqrs= 2 2 2 0 2
pqrs= 2 0 0 0 2
pqrs= 2 1 1 0 2
pqrs= 2 3 3 0 2
pqrs= 2 2 2 1 2
pqrs= 2 1 1 1 2
pqrs= 2 0 0 1 2
pqrs= 2 3 3 1 2
pqrs= 2 2 2 3 2
pqrs= 2 3 3 3 2
pqrs= 2 0 0 3 2
pqrs= 2 1 1 3 2
--sig21 pqrs--
[2] -- 2
[0, 1, 3] -- 0
[0, 1, 3] -- 1
[0, 1, 3] -- 3
pqrs= 3 3 3 0 3
pqrs= 3 0 0 0 3
pqrs= 3 1 1 0 3
pqrs= 3 2 2 0 3
pqrs= 3 3 3 1 3
pqrs= 3 1 1 1 3
pqrs= 3 0 0 1 3
pqrs= 3 2 2 1 3
pqrs= 3 3 3 2 3
pqrs= 3 2 2 2 3
pqrs= 3 0 0 2 3
pqrs= 3 1 1 2 3
--sig21 pqrs--
[3] -- 3
[0, 1, 2] -- 0
[0, 1, 2] -- 1
[0, 1, 2] -- 2
Iter  15 ==============
E = -1.88971013248
dE = -0.00354897573172
|res| = 0.0215649755096
Cnew
[[ 0.97879765  0.07417946  0.01631943  0.00277715]
 [ 0.07417946 -0.1447271   0.00303378  0.05896945]
 [ 0.01631943  0.00303378 -0.03165815  0.0049303 ]
 [ 0.00277715  0.05896945  0.0049303  -0.03784078]]
pqrs= 0 0 0 1 0
pqrs= 0 1 1 1 0
pqrs= 0 2 2 1 0
pqrs= 0 3 3 1 0
pqrs= 0 0 0 2 0
pqrs= 0 2 2 2 0
pqrs= 0 1 1 2 0
pqrs= 0 3 3 2 0
pqrs= 0 0 0 3 0
pqrs= 0 3 3 3 0
pqrs= 0 1 1 3 0
pqrs= 0 2 2 3 0
--sig21 pqrs--
[0] -- 0
[1, 2, 3] -- 1
[1, 2, 3] -- 2
[1, 2, 3] -- 3
pqrs= 1 1 1 0 1
pqrs= 1 0 0 0 1
pqrs= 1 2 2 0 1
pqrs= 1 3 3 0 1
pqrs= 1 1 1 2 1
pqrs= 1 2 2 2 1
pqrs= 1 0 0 2 1
pqrs= 1 3 3 2 1
pqrs= 1 1 1 3 1
pqrs= 1 3 3 3 1
pqrs= 1 0 0 3 1
pqrs= 1 2 2 3 1
--sig21 pqrs--
[1] -- 1
[0, 2, 3] -- 0
[0, 2, 3] -- 2
[0, 2, 3] -- 3
pqrs= 2 2 2 0 2
pqrs= 2 0 0 0 2
pqrs= 2 1 1 0 2
pqrs= 2 3 3 0 2
pqrs= 2 2 2 1 2
pqrs= 2 1 1 1 2
pqrs= 2 0 0 1 2
pqrs= 2 3 3 1 2
pqrs= 2 2 2 3 2
pqrs= 2 3 3 3 2
pqrs= 2 0 0 3 2
pqrs= 2 1 1 3 2
--sig21 pqrs--
[2] -- 2
[0, 1, 3] -- 0
[0, 1, 3] -- 1
[0, 1, 3] -- 3
pqrs= 3 3 3 0 3
pqrs= 3 0 0 0 3
pqrs= 3 1 1 0 3
pqrs= 3 2 2 0 3
pqrs= 3 3 3 1 3
pqrs= 3 1 1 1 3
pqrs= 3 0 0 1 3
pqrs= 3 2 2 1 3
pqrs= 3 3 3 2 3
pqrs= 3 2 2 2 3
pqrs= 3 0 0 2 3
pqrs= 3 1 1 2 3
--sig21 pqrs--
[3] -- 3
[0, 1, 2] -- 0
[0, 1, 2] -- 1
[0, 1, 2] -- 2
Iter  16 ==============
E = -1.89217262756
dE = -0.00246249508278
|res| = 0.0179384394353
Cnew
[[ 0.98029174  0.06165385  0.01609788  0.00216374]
 [ 0.06165385 -0.14638376  0.00243596  0.0591358 ]
 [ 0.01609788  0.00243596 -0.03167979  0.00411646]
 [ 0.00216374  0.0591358   0.00411646 -0.03776769]]
pqrs= 0 0 0 1 0
pqrs= 0 1 1 1 0
pqrs= 0 2 2 1 0
pqrs= 0 3 3 1 0
pqrs= 0 0 0 2 0
pqrs= 0 2 2 2 0
pqrs= 0 1 1 2 0
pqrs= 0 3 3 2 0
pqrs= 0 0 0 3 0
pqrs= 0 3 3 3 0
pqrs= 0 1 1 3 0
pqrs= 0 2 2 3 0
--sig21 pqrs--
[0] -- 0
[1, 2, 3] -- 1
[1, 2, 3] -- 2
[1, 2, 3] -- 3
pqrs= 1 1 1 0 1
pqrs= 1 0 0 0 1
pqrs= 1 2 2 0 1
pqrs= 1 3 3 0 1
pqrs= 1 1 1 2 1
pqrs= 1 2 2 2 1
pqrs= 1 0 0 2 1
pqrs= 1 3 3 2 1
pqrs= 1 1 1 3 1
pqrs= 1 3 3 3 1
pqrs= 1 0 0 3 1
pqrs= 1 2 2 3 1
--sig21 pqrs--
[1] -- 1
[0, 2, 3] -- 0
[0, 2, 3] -- 2
[0, 2, 3] -- 3
pqrs= 2 2 2 0 2
pqrs= 2 0 0 0 2
pqrs= 2 1 1 0 2
pqrs= 2 3 3 0 2
pqrs= 2 2 2 1 2
pqrs= 2 1 1 1 2
pqrs= 2 0 0 1 2
pqrs= 2 3 3 1 2
pqrs= 2 2 2 3 2
pqrs= 2 3 3 3 2
pqrs= 2 0 0 3 2
pqrs= 2 1 1 3 2
--sig21 pqrs--
[2] -- 2
[0, 1, 3] -- 0
[0, 1, 3] -- 1
[0, 1, 3] -- 3
pqrs= 3 3 3 0 3
pqrs= 3 0 0 0 3
pqrs= 3 1 1 0 3
pqrs= 3 2 2 0 3
pqrs= 3 3 3 1 3
pqrs= 3 1 1 1 3
pqrs= 3 0 0 1 3
pqrs= 3 2 2 1 3
pqrs= 3 3 3 2 3
pqrs= 3 2 2 2 3
pqrs= 3 0 0 2 3
pqrs= 3 1 1 2 3
--sig21 pqrs--
[3] -- 3
[0, 1, 2] -- 0
[0, 1, 2] -- 1
[0, 1, 2] -- 2
Iter  17 ==============
E = -1.8938772115
dE = -0.00170458393994
|res| = 0.0149098422088
Cnew
[[ 0.98131455  0.05121431  0.01597629  0.00170931]
 [ 0.05121431 -0.14756792  0.00197151  0.05926549]
 [ 0.01597629  0.00197151 -0.03169053  0.00343082]
 [ 0.00170931  0.05926549  0.00343082 -0.03772155]]
pqrs= 0 0 0 1 0
pqrs= 0 1 1 1 0
pqrs= 0 2 2 1 0
pqrs= 0 3 3 1 0
pqrs= 0 0 0 2 0
pqrs= 0 2 2 2 0
pqrs= 0 1 1 2 0
pqrs= 0 3 3 2 0
pqrs= 0 0 0 3 0
pqrs= 0 3 3 3 0
pqrs= 0 1 1 3 0
pqrs= 0 2 2 3 0
--sig21 pqrs--
[0] -- 0
[1, 2, 3] -- 1
[1, 2, 3] -- 2
[1, 2, 3] -- 3
pqrs= 1 1 1 0 1
pqrs= 1 0 0 0 1
pqrs= 1 2 2 0 1
pqrs= 1 3 3 0 1
pqrs= 1 1 1 2 1
pqrs= 1 2 2 2 1
pqrs= 1 0 0 2 1
pqrs= 1 3 3 2 1
pqrs= 1 1 1 3 1
pqrs= 1 3 3 3 1
pqrs= 1 0 0 3 1
pqrs= 1 2 2 3 1
--sig21 pqrs--
[1] -- 1
[0, 2, 3] -- 0
[0, 2, 3] -- 2
[0, 2, 3] -- 3
pqrs= 2 2 2 0 2
pqrs= 2 0 0 0 2
pqrs= 2 1 1 0 2
pqrs= 2 3 3 0 2
pqrs= 2 2 2 1 2
pqrs= 2 1 1 1 2
pqrs= 2 0 0 1 2
pqrs= 2 3 3 1 2
pqrs= 2 2 2 3 2
pqrs= 2 3 3 3 2
pqrs= 2 0 0 3 2
pqrs= 2 1 1 3 2
--sig21 pqrs--
[2] -- 2
[0, 1, 3] -- 0
[0, 1, 3] -- 1
[0, 1, 3] -- 3
pqrs= 3 3 3 0 3
pqrs= 3 0 0 0 3
pqrs= 3 1 1 0 3
pqrs= 3 2 2 0 3
pqrs= 3 3 3 1 3
pqrs= 3 1 1 1 3
pqrs= 3 0 0 1 3
pqrs= 3 2 2 1 3
pqrs= 3 3 3 2 3
pqrs= 3 2 2 2 3
pqrs= 3 0 0 2 3
pqrs= 3 1 1 2 3
--sig21 pqrs--
[3] -- 3
[0, 1, 2] -- 0
[0, 1, 2] -- 1
[0, 1, 2] -- 2
Iter  18 ==============
E = -1.89505511015
dE = -0.00117789864969
|res| = 0.0123854084018
Cnew
[[ 0.98201367  0.04252581  0.01591256  0.00136569]
 [ 0.04252581 -0.14841491  0.00160545  0.05936487]
 [ 0.01591256  0.00160545 -0.0316951   0.00285572]
 [ 0.00136569  0.05936487  0.00285572 -0.03769224]]
pqrs= 0 0 0 1 0
pqrs= 0 1 1 1 0
pqrs= 0 2 2 1 0
pqrs= 0 3 3 1 0
pqrs= 0 0 0 2 0
pqrs= 0 2 2 2 0
pqrs= 0 1 1 2 0
pqrs= 0 3 3 2 0
pqrs= 0 0 0 3 0
pqrs= 0 3 3 3 0
pqrs= 0 1 1 3 0
pqrs= 0 2 2 3 0
--sig21 pqrs--
[0] -- 0
[1, 2, 3] -- 1
[1, 2, 3] -- 2
[1, 2, 3] -- 3
pqrs= 1 1 1 0 1
pqrs= 1 0 0 0 1
pqrs= 1 2 2 0 1
pqrs= 1 3 3 0 1
pqrs= 1 1 1 2 1
pqrs= 1 2 2 2 1
pqrs= 1 0 0 2 1
pqrs= 1 3 3 2 1
pqrs= 1 1 1 3 1
pqrs= 1 3 3 3 1
pqrs= 1 0 0 3 1
pqrs= 1 2 2 3 1
--sig21 pqrs--
[1] -- 1
[0, 2, 3] -- 0
[0, 2, 3] -- 2
[0, 2, 3] -- 3
pqrs= 2 2 2 0 2
pqrs= 2 0 0 0 2
pqrs= 2 1 1 0 2
pqrs= 2 3 3 0 2
pqrs= 2 2 2 1 2
pqrs= 2 1 1 1 2
pqrs= 2 0 0 1 2
pqrs= 2 3 3 1 2
pqrs= 2 2 2 3 2
pqrs= 2 3 3 3 2
pqrs= 2 0 0 3 2
pqrs= 2 1 1 3 2
--sig21 pqrs--
[2] -- 2
[0, 1, 3] -- 0
[0, 1, 3] -- 1
[0, 1, 3] -- 3
pqrs= 3 3 3 0 3
pqrs= 3 0 0 0 3
pqrs= 3 1 1 0 3
pqrs= 3 2 2 0 3
pqrs= 3 3 3 1 3
pqrs= 3 1 1 1 3
pqrs= 3 0 0 1 3
pqrs= 3 2 2 1 3
pqrs= 3 3 3 2 3
pqrs= 3 2 2 2 3
pqrs= 3 0 0 2 3
pqrs= 3 1 1 2 3
--sig21 pqrs--
[3] -- 3
[0, 1, 2] -- 0
[0, 1, 2] -- 1
[0, 1, 2] -- 2
Iter  19 ==============
E = -1.89586804882
dE = -0.000812938665264
|res| = 0.0102841792097
Cnew
[[ 0.98249094  0.03530175  0.01588162  0.00110103]
 [ 0.03530175 -0.14902123  0.00131352  0.05944006]
 [ 0.01588162  0.00131352 -0.03169629  0.00237483]
 [ 0.00110103  0.05944006  0.00237483 -0.03767346]]
pqrs= 0 0 0 1 0
pqrs= 0 1 1 1 0
pqrs= 0 2 2 1 0
pqrs= 0 3 3 1 0
pqrs= 0 0 0 2 0
pqrs= 0 2 2 2 0
pqrs= 0 1 1 2 0
pqrs= 0 3 3 2 0
pqrs= 0 0 0 3 0
pqrs= 0 3 3 3 0
pqrs= 0 1 1 3 0
pqrs= 0 2 2 3 0
--sig21 pqrs--
[0] -- 0
[1, 2, 3] -- 1
[1, 2, 3] -- 2
[1, 2, 3] -- 3
pqrs= 1 1 1 0 1
pqrs= 1 0 0 0 1
pqrs= 1 2 2 0 1
pqrs= 1 3 3 0 1
pqrs= 1 1 1 2 1
pqrs= 1 2 2 2 1
pqrs= 1 0 0 2 1
pqrs= 1 3 3 2 1
pqrs= 1 1 1 3 1
pqrs= 1 3 3 3 1
pqrs= 1 0 0 3 1
pqrs= 1 2 2 3 1
--sig21 pqrs--
[1] -- 1
[0, 2, 3] -- 0
[0, 2, 3] -- 2
[0, 2, 3] -- 3
pqrs= 2 2 2 0 2
pqrs= 2 0 0 0 2
pqrs= 2 1 1 0 2
pqrs= 2 3 3 0 2
pqrs= 2 2 2 1 2
pqrs= 2 1 1 1 2
pqrs= 2 0 0 1 2
pqrs= 2 3 3 1 2
pqrs= 2 2 2 3 2
pqrs= 2 3 3 3 2
pqrs= 2 0 0 3 2
pqrs= 2 1 1 3 2
--sig21 pqrs--
[2] -- 2
[0, 1, 3] -- 0
[0, 1, 3] -- 1
[0, 1, 3] -- 3
pqrs= 3 3 3 0 3
pqrs= 3 0 0 0 3
pqrs= 3 1 1 0 3
pqrs= 3 2 2 0 3
pqrs= 3 3 3 1 3
pqrs= 3 1 1 1 3
pqrs= 3 0 0 1 3
pqrs= 3 2 2 1 3
pqrs= 3 3 3 2 3
pqrs= 3 2 2 2 3
pqrs= 3 0 0 2 3
pqrs= 3 1 1 2 3
--sig21 pqrs--
[3] -- 3
[0, 1, 2] -- 0
[0, 1, 2] -- 1
[0, 1, 2] -- 2
Iter  20 ==============
E = -1.8964286157
dE = -0.000560566884349
|res| = 0.00853698933717
Cnew
[[  9.82816420e-01   2.92993985e-02   1.58686943e-02   8.93934806e-04]
 [  2.92993985e-02  -1.49455639e-01   1.07850006e-03   5.94964012e-02]
 [  1.58686943e-02   1.07850006e-03  -3.16957743e-02   1.97360550e-03]
 [  8.93934806e-04   5.94964012e-02   1.97360550e-03  -3.76613220e-02]]
pqrs= 0 0 0 1 0
pqrs= 0 1 1 1 0
pqrs= 0 2 2 1 0
pqrs= 0 3 3 1 0
pqrs= 0 0 0 2 0
pqrs= 0 2 2 2 0
pqrs= 0 1 1 2 0
pqrs= 0 3 3 2 0
pqrs= 0 0 0 3 0
pqrs= 0 3 3 3 0
pqrs= 0 1 1 3 0
pqrs= 0 2 2 3 0
--sig21 pqrs--
[0] -- 0
[1, 2, 3] -- 1
[1, 2, 3] -- 2
[1, 2, 3] -- 3
pqrs= 1 1 1 0 1
pqrs= 1 0 0 0 1
pqrs= 1 2 2 0 1
pqrs= 1 3 3 0 1
pqrs= 1 1 1 2 1
pqrs= 1 2 2 2 1
pqrs= 1 0 0 2 1
pqrs= 1 3 3 2 1
pqrs= 1 1 1 3 1
pqrs= 1 3 3 3 1
pqrs= 1 0 0 3 1
pqrs= 1 2 2 3 1
--sig21 pqrs--
[1] -- 1
[0, 2, 3] -- 0
[0, 2, 3] -- 2
[0, 2, 3] -- 3
pqrs= 2 2 2 0 2
pqrs= 2 0 0 0 2
pqrs= 2 1 1 0 2
pqrs= 2 3 3 0 2
pqrs= 2 2 2 1 2
pqrs= 2 1 1 1 2
pqrs= 2 0 0 1 2
pqrs= 2 3 3 1 2
pqrs= 2 2 2 3 2
pqrs= 2 3 3 3 2
pqrs= 2 0 0 3 2
pqrs= 2 1 1 3 2
--sig21 pqrs--
[2] -- 2
[0, 1, 3] -- 0
[0, 1, 3] -- 1
[0, 1, 3] -- 3
pqrs= 3 3 3 0 3
pqrs= 3 0 0 0 3
pqrs= 3 1 1 0 3
pqrs= 3 2 2 0 3
pqrs= 3 3 3 1 3
pqrs= 3 1 1 1 3
pqrs= 3 0 0 1 3
pqrs= 3 2 2 1 3
pqrs= 3 3 3 2 3
pqrs= 3 2 2 2 3
pqrs= 3 0 0 2 3
pqrs= 3 1 1 2 3
--sig21 pqrs--
[3] -- 3
[0, 1, 2] -- 0
[0, 1, 2] -- 1
[0, 1, 2] -- 2
Iter  21 ==============
E = -1.89681492286
dE = -0.000386307155986
|res| = 0.00708523538552
Cnew
[[  9.83038169e-01   2.43144776e-02   1.58652480e-02   7.29740213e-04]
 [  2.43144776e-02  -1.49767162e-01   8.87905191e-04   5.95383064e-02]
 [  1.58652480e-02   8.87905191e-04  -3.16944899e-02   1.63938634e-03]
 [  7.29740213e-04   5.95383064e-02   1.63938634e-03  -3.76533865e-02]]
pqrs= 0 0 0 1 0
pqrs= 0 1 1 1 0
pqrs= 0 2 2 1 0
pqrs= 0 3 3 1 0
pqrs= 0 0 0 2 0
pqrs= 0 2 2 2 0
pqrs= 0 1 1 2 0
pqrs= 0 3 3 2 0
pqrs= 0 0 0 3 0
pqrs= 0 3 3 3 0
pqrs= 0 1 1 3 0
pqrs= 0 2 2 3 0
--sig21 pqrs--
[0] -- 0
[1, 2, 3] -- 1
[1, 2, 3] -- 2
[1, 2, 3] -- 3
pqrs= 1 1 1 0 1
pqrs= 1 0 0 0 1
pqrs= 1 2 2 0 1
pqrs= 1 3 3 0 1
pqrs= 1 1 1 2 1
pqrs= 1 2 2 2 1
pqrs= 1 0 0 2 1
pqrs= 1 3 3 2 1
pqrs= 1 1 1 3 1
pqrs= 1 3 3 3 1
pqrs= 1 0 0 3 1
pqrs= 1 2 2 3 1
--sig21 pqrs--
[1] -- 1
[0, 2, 3] -- 0
[0, 2, 3] -- 2
[0, 2, 3] -- 3
pqrs= 2 2 2 0 2
pqrs= 2 0 0 0 2
pqrs= 2 1 1 0 2
pqrs= 2 3 3 0 2
pqrs= 2 2 2 1 2
pqrs= 2 1 1 1 2
pqrs= 2 0 0 1 2
pqrs= 2 3 3 1 2
pqrs= 2 2 2 3 2
pqrs= 2 3 3 3 2
pqrs= 2 0 0 3 2
pqrs= 2 1 1 3 2
--sig21 pqrs--
[2] -- 2
[0, 1, 3] -- 0
[0, 1, 3] -- 1
[0, 1, 3] -- 3
pqrs= 3 3 3 0 3
pqrs= 3 0 0 0 3
pqrs= 3 1 1 0 3
pqrs= 3 2 2 0 3
pqrs= 3 3 3 1 3
pqrs= 3 1 1 1 3
pqrs= 3 0 0 1 3
pqrs= 3 2 2 1 3
pqrs= 3 3 3 2 3
pqrs= 3 2 2 2 3
pqrs= 3 0 0 2 3
pqrs= 3 1 1 2 3
--sig21 pqrs--
[3] -- 3
[0, 1, 2] -- 0
[0, 1, 2] -- 1
[0, 1, 2] -- 2
Iter  22 ==============
E = -1.89708102986
dE = -0.000266106999282
|res| = 0.00587956985657
Cnew
[[  9.83189113e-01   2.01758733e-02   1.58664345e-02   5.98164603e-04]
 [  2.01758733e-02  -1.49990756e-01   7.32454366e-04   5.95692927e-02]
 [  1.58664345e-02   7.32454366e-04  -3.16929600e-02   1.36129619e-03]
 [  5.98164603e-04   5.95692927e-02   1.36129619e-03  -3.76481370e-02]]
pqrs= 0 0 0 1 0
pqrs= 0 1 1 1 0
pqrs= 0 2 2 1 0
pqrs= 0 3 3 1 0
pqrs= 0 0 0 2 0
pqrs= 0 2 2 2 0
pqrs= 0 1 1 2 0
pqrs= 0 3 3 2 0
pqrs= 0 0 0 3 0
pqrs= 0 3 3 3 0
pqrs= 0 1 1 3 0
pqrs= 0 2 2 3 0
--sig21 pqrs--
[0] -- 0
[1, 2, 3] -- 1
[1, 2, 3] -- 2
[1, 2, 3] -- 3
pqrs= 1 1 1 0 1
pqrs= 1 0 0 0 1
pqrs= 1 2 2 0 1
pqrs= 1 3 3 0 1
pqrs= 1 1 1 2 1
pqrs= 1 2 2 2 1
pqrs= 1 0 0 2 1
pqrs= 1 3 3 2 1
pqrs= 1 1 1 3 1
pqrs= 1 3 3 3 1
pqrs= 1 0 0 3 1
pqrs= 1 2 2 3 1
--sig21 pqrs--
[1] -- 1
[0, 2, 3] -- 0
[0, 2, 3] -- 2
[0, 2, 3] -- 3
pqrs= 2 2 2 0 2
pqrs= 2 0 0 0 2
pqrs= 2 1 1 0 2
pqrs= 2 3 3 0 2
pqrs= 2 2 2 1 2
pqrs= 2 1 1 1 2
pqrs= 2 0 0 1 2
pqrs= 2 3 3 1 2
pqrs= 2 2 2 3 2
pqrs= 2 3 3 3 2
pqrs= 2 0 0 3 2
pqrs= 2 1 1 3 2
--sig21 pqrs--
[2] -- 2
[0, 1, 3] -- 0
[0, 1, 3] -- 1
[0, 1, 3] -- 3
pqrs= 3 3 3 0 3
pqrs= 3 0 0 0 3
pqrs= 3 1 1 0 3
pqrs= 3 2 2 0 3
pqrs= 3 3 3 1 3
pqrs= 3 1 1 1 3
pqrs= 3 0 0 1 3
pqrs= 3 2 2 1 3
pqrs= 3 3 3 2 3
pqrs= 3 2 2 2 3
pqrs= 3 0 0 2 3
pqrs= 3 1 1 2 3
--sig21 pqrs--
[3] -- 3
[0, 1, 2] -- 0
[0, 1, 2] -- 1
[0, 1, 2] -- 2
Iter  23 ==============
E = -1.89726428496
dE = -0.000183255100968
|res| = 0.00487862638025
Cnew
[[  9.83291770e-01   1.67406721e-02   1.58695863e-02   4.91837511e-04]
 [  1.67406721e-02  -1.50151373e-01   6.05117622e-04   5.95920985e-02]
 [  1.58695863e-02   6.05117622e-04  -3.16914555e-02   1.13009756e-03]
 [  4.91837511e-04   5.95920985e-02   1.13009756e-03  -3.76446199e-02]]
pqrs= 0 0 0 1 0
pqrs= 0 1 1 1 0
pqrs= 0 2 2 1 0
pqrs= 0 3 3 1 0
pqrs= 0 0 0 2 0
pqrs= 0 2 2 2 0
pqrs= 0 1 1 2 0
pqrs= 0 3 3 2 0
pqrs= 0 0 0 3 0
pqrs= 0 3 3 3 0
pqrs= 0 1 1 3 0
pqrs= 0 2 2 3 0
--sig21 pqrs--
[0] -- 0
[1, 2, 3] -- 1
[1, 2, 3] -- 2
[1, 2, 3] -- 3
pqrs= 1 1 1 0 1
pqrs= 1 0 0 0 1
pqrs= 1 2 2 0 1
pqrs= 1 3 3 0 1
pqrs= 1 1 1 2 1
pqrs= 1 2 2 2 1
pqrs= 1 0 0 2 1
pqrs= 1 3 3 2 1
pqrs= 1 1 1 3 1
pqrs= 1 3 3 3 1
pqrs= 1 0 0 3 1
pqrs= 1 2 2 3 1
--sig21 pqrs--
[1] -- 1
[0, 2, 3] -- 0
[0, 2, 3] -- 2
[0, 2, 3] -- 3
pqrs= 2 2 2 0 2
pqrs= 2 0 0 0 2
pqrs= 2 1 1 0 2
pqrs= 2 3 3 0 2
pqrs= 2 2 2 1 2
pqrs= 2 1 1 1 2
pqrs= 2 0 0 1 2
pqrs= 2 3 3 1 2
pqrs= 2 2 2 3 2
pqrs= 2 3 3 3 2
pqrs= 2 0 0 3 2
pqrs= 2 1 1 3 2
--sig21 pqrs--
[2] -- 2
[0, 1, 3] -- 0
[0, 1, 3] -- 1
[0, 1, 3] -- 3
pqrs= 3 3 3 0 3
pqrs= 3 0 0 0 3
pqrs= 3 1 1 0 3
pqrs= 3 2 2 0 3
pqrs= 3 3 3 1 3
pqrs= 3 1 1 1 3
pqrs= 3 0 0 1 3
pqrs= 3 2 2 1 3
pqrs= 3 3 3 2 3
pqrs= 3 2 2 2 3
pqrs= 3 0 0 2 3
pqrs= 3 1 1 2 3
--sig21 pqrs--
[3] -- 3
[0, 1, 2] -- 0
[0, 1, 2] -- 1
[0, 1, 2] -- 2
Iter  24 ==============
E = -1.89739045968
dE = -0.000126174718411
|res| = 0.00404784044206
Cnew
[[  9.83361525e-01   1.38897644e-02   1.58732955e-02   4.05351351e-04]
 [  1.38897644e-02  -1.50266842e-01   5.00469233e-04   5.96088207e-02]
 [  1.58732955e-02   5.00469233e-04  -3.16901032e-02   9.37996498e-04]
 [  4.05351351e-04   5.96088207e-02   9.37996498e-04  -3.76422326e-02]]
pqrs= 0 0 0 1 0
pqrs= 0 1 1 1 0
pqrs= 0 2 2 1 0
pqrs= 0 3 3 1 0
pqrs= 0 0 0 2 0
pqrs= 0 2 2 2 0
pqrs= 0 1 1 2 0
pqrs= 0 3 3 2 0
pqrs= 0 0 0 3 0
pqrs= 0 3 3 3 0
pqrs= 0 1 1 3 0
pqrs= 0 2 2 3 0
--sig21 pqrs--
[0] -- 0
[1, 2, 3] -- 1
[1, 2, 3] -- 2
[1, 2, 3] -- 3
pqrs= 1 1 1 0 1
pqrs= 1 0 0 0 1
pqrs= 1 2 2 0 1
pqrs= 1 3 3 0 1
pqrs= 1 1 1 2 1
pqrs= 1 2 2 2 1
pqrs= 1 0 0 2 1
pqrs= 1 3 3 2 1
pqrs= 1 1 1 3 1
pqrs= 1 3 3 3 1
pqrs= 1 0 0 3 1
pqrs= 1 2 2 3 1
--sig21 pqrs--
[1] -- 1
[0, 2, 3] -- 0
[0, 2, 3] -- 2
[0, 2, 3] -- 3
pqrs= 2 2 2 0 2
pqrs= 2 0 0 0 2
pqrs= 2 1 1 0 2
pqrs= 2 3 3 0 2
pqrs= 2 2 2 1 2
pqrs= 2 1 1 1 2
pqrs= 2 0 0 1 2
pqrs= 2 3 3 1 2
pqrs= 2 2 2 3 2
pqrs= 2 3 3 3 2
pqrs= 2 0 0 3 2
pqrs= 2 1 1 3 2
--sig21 pqrs--
[2] -- 2
[0, 1, 3] -- 0
[0, 1, 3] -- 1
[0, 1, 3] -- 3
pqrs= 3 3 3 0 3
pqrs= 3 0 0 0 3
pqrs= 3 1 1 0 3
pqrs= 3 2 2 0 3
pqrs= 3 3 3 1 3
pqrs= 3 1 1 1 3
pqrs= 3 0 0 1 3
pqrs= 3 2 2 1 3
pqrs= 3 3 3 2 3
pqrs= 3 2 2 2 3
pqrs= 3 0 0 2 3
pqrs= 3 1 1 2 3
--sig21 pqrs--
[3] -- 3
[0, 1, 2] -- 0
[0, 1, 2] -- 1
[0, 1, 2] -- 2
Iter  25 ==============
E = -1.89747732227
dE = -8.68625943233e-05
|res| = 0.00335839636491
Cnew
[[  9.83408880e-01   1.15240208e-02   1.58768694e-02   3.34651523e-04]
 [  1.15240208e-02  -1.50349915e-01   4.14255932e-04   5.96210452e-02]
 [  1.58768694e-02   4.14255932e-04  -3.16889494e-02   7.78448853e-04]
 [  3.34651523e-04   5.96210452e-02   7.78448853e-04  -3.76405912e-02]]
pqrs= 0 0 0 1 0
pqrs= 0 1 1 1 0
pqrs= 0 2 2 1 0
pqrs= 0 3 3 1 0
pqrs= 0 0 0 2 0
pqrs= 0 2 2 2 0
pqrs= 0 1 1 2 0
pqrs= 0 3 3 2 0
pqrs= 0 0 0 3 0
pqrs= 0 3 3 3 0
pqrs= 0 1 1 3 0
pqrs= 0 2 2 3 0
--sig21 pqrs--
[0] -- 0
[1, 2, 3] -- 1
[1, 2, 3] -- 2
[1, 2, 3] -- 3
pqrs= 1 1 1 0 1
pqrs= 1 0 0 0 1
pqrs= 1 2 2 0 1
pqrs= 1 3 3 0 1
pqrs= 1 1 1 2 1
pqrs= 1 2 2 2 1
pqrs= 1 0 0 2 1
pqrs= 1 3 3 2 1
pqrs= 1 1 1 3 1
pqrs= 1 3 3 3 1
pqrs= 1 0 0 3 1
pqrs= 1 2 2 3 1
--sig21 pqrs--
[1] -- 1
[0, 2, 3] -- 0
[0, 2, 3] -- 2
[0, 2, 3] -- 3
pqrs= 2 2 2 0 2
pqrs= 2 0 0 0 2
pqrs= 2 1 1 0 2
pqrs= 2 3 3 0 2
pqrs= 2 2 2 1 2
pqrs= 2 1 1 1 2
pqrs= 2 0 0 1 2
pqrs= 2 3 3 1 2
pqrs= 2 2 2 3 2
pqrs= 2 3 3 3 2
pqrs= 2 0 0 3 2
pqrs= 2 1 1 3 2
--sig21 pqrs--
[2] -- 2
[0, 1, 3] -- 0
[0, 1, 3] -- 1
[0, 1, 3] -- 3
pqrs= 3 3 3 0 3
pqrs= 3 0 0 0 3
pqrs= 3 1 1 0 3
pqrs= 3 2 2 0 3
pqrs= 3 3 3 1 3
pqrs= 3 1 1 1 3
pqrs= 3 0 0 1 3
pqrs= 3 2 2 1 3
pqrs= 3 3 3 2 3
pqrs= 3 2 2 2 3
pqrs= 3 0 0 2 3
pqrs= 3 1 1 2 3
--sig21 pqrs--
[3] -- 3
[0, 1, 2] -- 0
[0, 1, 2] -- 1
[0, 1, 2] -- 2
Iter  26 ==============
E = -1.89753711609
dE = -5.97938191691e-05
|res| = 0.00278630902222
Cnew
[[  9.83440997e-01   9.56102194e-03   1.58800101e-02   2.76637551e-04]
 [  9.56102194e-03  -1.50409722e-01   3.43100415e-04   5.96299598e-02]
 [  1.58800101e-02   3.43100415e-04  -3.16879975e-02   6.45978600e-04]
 [  2.76637551e-04   5.96299598e-02   6.45978600e-04  -3.76394485e-02]]
pqrs= 0 0 0 1 0
pqrs= 0 1 1 1 0
pqrs= 0 2 2 1 0
pqrs= 0 3 3 1 0
pqrs= 0 0 0 2 0
pqrs= 0 2 2 2 0
pqrs= 0 1 1 2 0
pqrs= 0 3 3 2 0
pqrs= 0 0 0 3 0
pqrs= 0 3 3 3 0
pqrs= 0 1 1 3 0
pqrs= 0 2 2 3 0
--sig21 pqrs--
[0] -- 0
[1, 2, 3] -- 1
[1, 2, 3] -- 2
[1, 2, 3] -- 3
pqrs= 1 1 1 0 1
pqrs= 1 0 0 0 1
pqrs= 1 2 2 0 1
pqrs= 1 3 3 0 1
pqrs= 1 1 1 2 1
pqrs= 1 2 2 2 1
pqrs= 1 0 0 2 1
pqrs= 1 3 3 2 1
pqrs= 1 1 1 3 1
pqrs= 1 3 3 3 1
pqrs= 1 0 0 3 1
pqrs= 1 2 2 3 1
--sig21 pqrs--
[1] -- 1
[0, 2, 3] -- 0
[0, 2, 3] -- 2
[0, 2, 3] -- 3
pqrs= 2 2 2 0 2
pqrs= 2 0 0 0 2
pqrs= 2 1 1 0 2
pqrs= 2 3 3 0 2
pqrs= 2 2 2 1 2
pqrs= 2 1 1 1 2
pqrs= 2 0 0 1 2
pqrs= 2 3 3 1 2
pqrs= 2 2 2 3 2
pqrs= 2 3 3 3 2
pqrs= 2 0 0 3 2
pqrs= 2 1 1 3 2
--sig21 pqrs--
[2] -- 2
[0, 1, 3] -- 0
[0, 1, 3] -- 1
[0, 1, 3] -- 3
pqrs= 3 3 3 0 3
pqrs= 3 0 0 0 3
pqrs= 3 1 1 0 3
pqrs= 3 2 2 0 3
pqrs= 3 3 3 1 3
pqrs= 3 1 1 1 3
pqrs= 3 0 0 1 3
pqrs= 3 2 2 1 3
pqrs= 3 3 3 2 3
pqrs= 3 2 2 2 3
pqrs= 3 0 0 2 3
pqrs= 3 1 1 2 3
--sig21 pqrs--
[3] -- 3
[0, 1, 2] -- 0
[0, 1, 2] -- 1
[0, 1, 2] -- 2
Iter  27 ==============
E = -1.89757827421
dE = -4.1158125516e-05
|res| = 0.00231163576059
Cnew
[[  9.83462757e-01   7.93228766e-03   1.58826283e-02   2.28897745e-04]
 [  7.93228766e-03  -1.50452806e-01   2.84293072e-04   5.96364476e-02]
 [  1.58826283e-02   2.84293072e-04  -3.16872305e-02   5.36014604e-04]
 [  2.28897745e-04   5.96364476e-02   5.36014604e-04  -3.76386438e-02]]
pqrs= 0 0 0 1 0
pqrs= 0 1 1 1 0
pqrs= 0 2 2 1 0
pqrs= 0 3 3 1 0
pqrs= 0 0 0 2 0
pqrs= 0 2 2 2 0
pqrs= 0 1 1 2 0
pqrs= 0 3 3 2 0
pqrs= 0 0 0 3 0
pqrs= 0 3 3 3 0
pqrs= 0 1 1 3 0
pqrs= 0 2 2 3 0
--sig21 pqrs--
[0] -- 0
[1, 2, 3] -- 1
[1, 2, 3] -- 2
[1, 2, 3] -- 3
pqrs= 1 1 1 0 1
pqrs= 1 0 0 0 1
pqrs= 1 2 2 0 1
pqrs= 1 3 3 0 1
pqrs= 1 1 1 2 1
pqrs= 1 2 2 2 1
pqrs= 1 0 0 2 1
pqrs= 1 3 3 2 1
pqrs= 1 1 1 3 1
pqrs= 1 3 3 3 1
pqrs= 1 0 0 3 1
pqrs= 1 2 2 3 1
--sig21 pqrs--
[1] -- 1
[0, 2, 3] -- 0
[0, 2, 3] -- 2
[0, 2, 3] -- 3
pqrs= 2 2 2 0 2
pqrs= 2 0 0 0 2
pqrs= 2 1 1 0 2
pqrs= 2 3 3 0 2
pqrs= 2 2 2 1 2
pqrs= 2 1 1 1 2
pqrs= 2 0 0 1 2
pqrs= 2 3 3 1 2
pqrs= 2 2 2 3 2
pqrs= 2 3 3 3 2
pqrs= 2 0 0 3 2
pqrs= 2 1 1 3 2
--sig21 pqrs--
[2] -- 2
[0, 1, 3] -- 0
[0, 1, 3] -- 1
[0, 1, 3] -- 3
pqrs= 3 3 3 0 3
pqrs= 3 0 0 0 3
pqrs= 3 1 1 0 3
pqrs= 3 2 2 0 3
pqrs= 3 3 3 1 3
pqrs= 3 1 1 1 3
pqrs= 3 0 0 1 3
pqrs= 3 2 2 1 3
pqrs= 3 3 3 2 3
pqrs= 3 2 2 2 3
pqrs= 3 0 0 2 3
pqrs= 3 1 1 2 3
--sig21 pqrs--
[3] -- 3
[0, 1, 2] -- 0
[0, 1, 2] -- 1
[0, 1, 2] -- 2
Iter  28 ==============
E = -1.89760660374
dE = -2.83295205925e-05
|res| = 0.00191780739519
Cnew
[[  9.83477483e-01   6.58094631e-03   1.58847382e-02   1.89529150e-04]
 [  6.58094631e-03  -1.50483860e-01   2.35642214e-04   5.96411617e-02]
 [  1.58847382e-02   2.35642214e-04  -3.16866230e-02   4.44747688e-04]
 [  1.89529150e-04   5.96411617e-02   4.44747688e-04  -3.76380712e-02]]
pqrs= 0 0 0 1 0
pqrs= 0 1 1 1 0
pqrs= 0 2 2 1 0
pqrs= 0 3 3 1 0
pqrs= 0 0 0 2 0
pqrs= 0 2 2 2 0
pqrs= 0 1 1 2 0
pqrs= 0 3 3 2 0
pqrs= 0 0 0 3 0
pqrs= 0 3 3 3 0
pqrs= 0 1 1 3 0
pqrs= 0 2 2 3 0
--sig21 pqrs--
[0] -- 0
[1, 2, 3] -- 1
[1, 2, 3] -- 2
[1, 2, 3] -- 3
pqrs= 1 1 1 0 1
pqrs= 1 0 0 0 1
pqrs= 1 2 2 0 1
pqrs= 1 3 3 0 1
pqrs= 1 1 1 2 1
pqrs= 1 2 2 2 1
pqrs= 1 0 0 2 1
pqrs= 1 3 3 2 1
pqrs= 1 1 1 3 1
pqrs= 1 3 3 3 1
pqrs= 1 0 0 3 1
pqrs= 1 2 2 3 1
--sig21 pqrs--
[1] -- 1
[0, 2, 3] -- 0
[0, 2, 3] -- 2
[0, 2, 3] -- 3
